   0.0000000000000000        1.0000000000000000        0.0000000000000000     
   6.5000000000000000       0.73079963613314192      -0.51442220111117865     
   13.000000000000000       0.21828628082449264      -0.62571329673469733     
   19.500000000000000      -0.12631695191375333      -0.39262415123998257     
   26.000000000000000      -0.18889228909490355      -0.11600889935883690     
   32.500000000000000      -0.11032858949352557       2.98974196286533531E-002
   39.000000000000000      -3.25290823085103709E-002  6.13302533072632924E-002
   45.500000000000000       3.64184522442398406E-003  5.06334888905352956E-002
   52.000000000000000       1.33143675849925827E-002  3.83274171742030573E-002
   58.500000000000000       1.47055617882359685E-002  3.22096082775664636E-002
   65.000000000000000       1.52404245831656605E-002  2.94966530125498026E-002
   71.500000000000000       1.61766501635353561E-002  2.77187352701941878E-002
   78.000000000000000       1.72649216072876359E-002  2.60487139380173663E-002
   84.500000000000000       1.82602821163660410E-002  2.43731539986565340E-002
   91.000000000000000       1.90614047273528729E-002  2.27317769743984530E-002
   97.500000000000000       1.96325117694943208E-002  2.11709094544734050E-002
   104.00000000000000       1.99659286656075595E-002  1.97283033526854529E-002
   110.50000000000000       2.00761760762113474E-002  1.84323650060792439E-002
   117.00000000000000       1.99951544175167722E-002  1.72942515432079197E-002
   123.50000000000000       1.97557125998703391E-002  1.63052022615938694E-002
   130.00000000000000       1.93783525202498343E-002  1.54524133889102511E-002
   136.50000000000000       1.88815014306852984E-002  1.47373718427873789E-002
   143.00000000000000       1.83019209789392033E-002  1.41690293877808453E-002
   149.50000000000000       1.76926981384773127E-002  1.37395300254042722E-002
   156.00000000000000       1.70985570615169620E-002  1.34163901172994690E-002
   162.50000000000000       1.65391357044541512E-002  1.31597437418924535E-002
   169.00000000000000       1.60151116005145012E-002  1.29412126384830621E-002
   175.50000000000000       1.55229111071751736E-002  1.27468650781782118E-002
   182.00000000000000       1.50617769413183208E-002  1.25697299328273414E-002
   188.50000000000000       1.46324185562848926E-002  1.24038305409630324E-002
   195.00000000000000       1.42341679774975558E-002  1.22432944042361325E-002
   201.50000000000000       1.38643522108172126E-002  1.20835765487936064E-002
   208.00000000000000       1.35192425485019894E-002  1.19221030078198228E-002
   214.50000000000000       1.31950695934878320E-002  1.17579687946744171E-002
   221.00000000000000       1.28885316920940279E-002  1.15913105701040183E-002
   227.50000000000000       1.25969176626272057E-002  1.14227872113291870E-002
   234.00000000000000       1.23180689427271790E-002  1.12532542145988498E-002
   240.50000000000000       1.20502993073521025E-002  1.10835796848892266E-002
   247.00000000000000       1.17923095941262455E-002  1.09145459565770913E-002
   253.50000000000000       1.15431071293334610E-002  1.07468037174662367E-002
   260.00000000000000       1.13019342530054114E-002  1.05808595806526507E-002
   266.50000000000000       1.10682089206811610E-002  1.04170836974995084E-002
   273.00000000000000       1.08414777907423297E-002  1.02557269457983873E-002
   279.50000000000000       1.06213795589768512E-002  1.00969409702981634E-002
   286.00000000000000       1.04076160010052998E-002  9.94079845002620796E-003
   292.50000000000000       1.01999298424248382E-002  9.78731288837358070E-003
   299.00000000000000       9.99808942819126883E-003  9.63645675372383666E-003
   305.50000000000000       9.80187922723819820E-003  9.48817637253278855E-003
   312.00000000000000       9.61109420103950333E-003  9.34240294403652569E-003
   318.50000000000000       9.42553633383379739E-003  9.19906032761262475E-003
   325.00000000000000       9.24501256635811876E-003  9.05807060511433330E-003
   331.50000000000000       9.06933391223580486E-003  8.91935801358401115E-003
   338.00000000000000       8.89831550488122229E-003  8.78285147200283389E-003
   344.50000000000000       8.73177717932966009E-003  8.64848589111403415E-003
   351.00000000000000       8.56954422106328412E-003  8.51620255782250396E-003
   357.50000000000000       8.41144805877419924E-003  8.38594891640244942E-003
   364.00000000000000       8.25732680732585433E-003  8.25767800880445116E-003
   370.50000000000000       8.10702563513083369E-003  8.13134775309471043E-003
   377.00000000000000       7.96039695768419042E-003  8.00692017495708772E-003
   383.50000000000000       7.81730047217214265E-003  7.88436066552468222E-003
   390.00000000000000       7.67760305685109921E-003  7.76363731023024198E-003
   396.50000000000000       7.54117856388612957E-003  7.64472031190157383E-003
   403.00000000000000       7.40790753517410819E-003  7.52758151534073036E-003
   409.50000000000000       7.27767686825535765E-003  7.41219402975339461E-003
   416.00000000000000       7.15037945522753546E-003  7.29853193895651804E-003
   422.50000000000000       7.02591381283674231E-003  7.18657008619545332E-003
   429.00000000000000       6.90418371730743257E-003  7.07628391955274650E-003
   435.50000000000000       6.78509785329115510E-003  6.96764938452860017E-003
   442.00000000000000       6.66856948276090423E-003  6.86064285187822608E-003
   448.50000000000000       6.55451613689217536E-003  6.75524107076012469E-003
   455.00000000000000       6.44285933195792252E-003  6.65142113929590405E-003
   461.50000000000000       6.33352430889303972E-003  6.54916048651322386E-003
   468.00000000000000       6.22643979529329678E-003  6.44843686124296073E-003
   474.50000000000000       6.12153778808619074E-003  6.34922832486423117E-003
   481.00000000000000       6.01875335486793360E-003  6.25151324584815715E-003
   487.50000000000000       5.91802445186926859E-003  6.15527029485558267E-003
   494.00000000000000       5.81929175661908323E-003  6.06047843971914153E-003
   500.50000000000000       5.72249851355541989E-003  5.96711694002589627E-003
   507.00000000000000       5.62759039104507742E-003  5.87516534125799485E-003
   513.50000000000000       5.53451534848857334E-003  5.78460346858553683E-003
   520.00000000000000       5.44322351239155157E-003  5.69541142046984215E-003
   526.50000000000000       5.35366706046706744E-003  5.60756956225075178E-003
   533.00000000000000       5.26580011299123719E-003  5.52105851987715751E-003
   539.50000000000000       5.17957863076598003E-003  5.43585917390978189E-003
   546.00000000000000       5.09496031914884531E-003  5.35195265388897085E-003
   552.50000000000000       5.01190453769367796E-003  5.26932033312444391E-003
   559.00000000000000       4.93037221501098528E-003  5.18794382393223969E-003
   565.50000000000000       4.85032576850662634E-003  5.10780497331831881E-003
   572.00000000000000       4.77172902869538867E-003  5.02888585908892443E-003
   578.50000000000000       4.69454716781495061E-003  4.95116878635460094E-003
   585.00000000000000       4.61874663248817291E-003  4.87463628438668684E-003
   591.50000000000000       4.54429508019934311E-003  4.79927110378154838E-003
   598.00000000000000       4.47116131936473732E-003  4.72505621388738702E-003
   604.50000000000000       4.39931525279027135E-003  4.65197480045035673E-003
   611.00000000000000       4.32872782432030482E-003  4.58001026344019655E-003
   617.50000000000000       4.25937096849195781E-003  4.50914621501985816E-003
   624.00000000000000       4.19121756301915182E-003  4.43936647762813944E-003
   630.50000000000000       4.12424138393999076E-003  4.37065508214901782E-003
   637.00000000000000       4.05841706327022753E-003  4.30299626614563321E-003
   643.50000000000000       3.99372004901450608E-003  4.23637447214079976E-003
   650.00000000000000       3.93012656739552199E-003  4.17077434592935930E-003
   656.50000000000000       3.86761358716959918E-003  4.10618073491065844E-003
   663.00000000000000       3.80615878590502294E-003  4.04257868643184953E-003
   669.50000000000000       3.74574051810699438E-003  3.97995344613485437E-003
   676.00000000000000       3.68633778508025952E-003  3.91829045630143029E-003
   682.50000000000000       3.62793020642713767E-003  3.85757535419214070E-003
   689.00000000000000       3.57049799308504839E-003  3.79779397037617117E-003
   695.50000000000000       3.51402192181355343E-003  3.73893232704970322E-003
   702.00000000000000       3.45848331104649850E-003  3.68097663634135404E-003
   708.50000000000000       3.40386399803001803E-003  3.62391329860365513E-003
   715.00000000000000       3.35014631717203129E-003  3.56772890069003736E-003
   721.50000000000000       3.29731307953337908E-003  3.51241021421714412E-003
   728.00000000000000       3.24534755339497046E-003  3.45794419381254816E-003
   734.50000000000000       3.19423344583927293E-003  3.40431797534822061E-003
   741.00000000000000       3.14395488528814359E-003  3.35151887416027493E-003
   747.50000000000000       3.09449640494249964E-003  3.29953438325567743E-003
   754.00000000000000       3.04584292707249168E-003  3.24835217150672758E-003
   760.50000000000000       2.99797974810992211E-003  3.19796008183422659E-003
   767.00000000000000       2.95089252449748938E-003  3.14834612938034910E-003
   773.50000000000000       2.90456725925207319E-003  3.09949849967226842E-003
   780.00000000000000       2.85899028920181099E-003  3.05140554677765883E-003
   786.50000000000000       2.81414827285903250E-003  3.00405579145321270E-003
   793.00000000000000       2.77002817889336400E-003  2.95743791928736698E-003
   799.50000000000000       2.72661727517137546E-003  2.91154077883839981E-003
   806.00000000000000       2.68390311833109499E-003  2.86635337976909235E-003
   812.50000000000000       2.64187354386155376E-003  2.82186489097912803E-003
   819.00000000000000       2.60051665665926709E-003  2.77806463873639907E-003
   825.50000000000000       2.55982082203517602E-003  2.73494210480835793E-003
   832.00000000000000       2.51977465714709825E-003  2.69248692459452335E-003
   838.50000000000000       2.48036702283420396E-003  2.65068888526124018E-003
   845.00000000000000       2.44158701583136644E-003  2.60953792387973345E-003
   851.50000000000000       2.40342396134253034E-003  2.56902412556847407E-003
   858.00000000000000       2.36586740595343776E-003  2.52913772164083551E-003
   864.50000000000000       2.32890711086518277E-003  2.48986908775896982E-003
   871.00000000000000       2.29253304543115214E-003  2.45120874209480907E-003
   877.50000000000000       2.25673538098088503E-003  2.41314734349901919E-003
   884.00000000000000       2.22150448491535354E-003  2.37567568967874104E-003
   890.50000000000000       2.18683091505904878E-003  2.33878471538486983E-003
   897.00000000000000       2.15270541425509245E-003  2.30246549060959165E-003
   903.50000000000000       2.11911890519039673E-003  2.26670921879486981E-003
   910.00000000000000       2.08606248543862470E-003  2.23150723505251497E-003
   916.50000000000000       2.05352742270942116E-003  2.19685100439643384E-003
   923.00000000000000       2.02150515029301571E-003  2.16273211998761240E-003
   929.50000000000000       1.98998726268995781E-003  2.12914230139237340E-003
   936.00000000000000       1.95896551141629908E-003  2.09607339285436877E-003
   942.50000000000000       1.92843180097511391E-003  2.06351736158076355E-003
   949.00000000000000       1.89837818498573749E-003  2.03146629604302603E-003
   955.50000000000000       1.86879686246262588E-003  1.99991240429269737E-003
   962.00000000000000       1.83968017423617324E-003  1.96884801229248564E-003
   968.50000000000000       1.81102059950827830E-003  1.93826556226300655E-003
   975.00000000000000       1.78281075253584127E-003  1.90815761104544141E-003
   981.50000000000000       1.75504337943577031E-003  1.87851682848038650E-003
   988.00000000000000       1.72771135510543165E-003  1.84933599580310482E-003
   994.50000000000000       1.70080768025283251E-003  1.82060800405539581E-003
   1001.0000000000000       1.67432547853112201E-003  1.79232585251425124E-003
   1007.5000000000000       1.64825799377232613E-003  1.76448264713746270E-003
   1014.0000000000000       1.62259858731550206E-003  1.73707159902630032E-003
   1020.5000000000000       1.59734073542476822E-003  1.71008602290537853E-003
   1027.0000000000000       1.57247802679292095E-003  1.68351933561980503E-003
   1033.5000000000000       1.54800416012659207E-003  1.65736505464967178E-003
   1040.0000000000000       1.52391294180911712E-003  1.63161679664194969E-003
   1046.5000000000000       1.50019828363749533E-003  1.60626827595982541E-003
   1053.0000000000000       1.47685420063004415E-003  1.58131330324949061E-003
   1059.5000000000000       1.45387480890150022E-003  1.55674578402439424E-003
   1066.0000000000000       1.43125432360252875E-003  1.53255971726695152E-003
   1072.5000000000000       1.40898705692075739E-003  1.50874919404768242E-003
   1079.0000000000000       1.38706741614060642E-003  1.48530839616174454E-003
   1085.5000000000000       1.36548990175933312E-003  1.46223159478281635E-003
   1092.0000000000000       1.34424910565686113E-003  1.43951314913427037E-003
   1098.5000000000000       1.32333970931707901E-003  1.41714750517757154E-003
   1105.0000000000000       1.30275648209842690E-003  1.39512919431781287E-003
   1111.5000000000000       1.28249427955170244E-003  1.37345283212632254E-003
   1118.0000000000000       1.26254804178313365E-003  1.35211311708022296E-003
   1124.5000000000000       1.24291279186085910E-003  1.33110482931885800E-003
   1131.0000000000000       1.22358363426306512E-003  1.31042282941697271E-003
   1137.5000000000000       1.20455575336611033E-003  1.29006205717452512E-003
   1144.0000000000000       1.18582441197106429E-003  1.27001753042301369E-003
   1150.5000000000000       1.16738494986716392E-003  1.25028434384819704E-003
   1157.0000000000000       1.14923278243076995E-003  1.23085766782905868E-003
   1163.5000000000000       1.13136339925847484E-003  1.21173274729289584E-003
   1170.0000000000000       1.11377236283308830E-003  1.19290490058638352E-003
   1176.5000000000000       1.09645530722128734E-003  1.17436951836246339E-003
   1183.0000000000000       1.07940793680177840E-003  1.15612206248292214E-003
   1189.5000000000000       1.06262602502287581E-003  1.13815806493649781E-003
   1196.0000000000000       1.04610541318846096E-003  1.12047312677236092E-003
   1202.5000000000000       1.02984200927133326E-003  1.10306291704881485E-003
   1209.0000000000000       1.01383178675300582E-003  1.08592317179705936E-003
   1215.5000000000000       9.98070783489059645E-004  1.06904969299985116E-003
   1222.0000000000000       9.82555100599200168E-004  1.05243834758490264E-003
   1228.5000000000000       9.67280901381205728E-004  1.03608506643285462E-003
   1235.0000000000000       9.52244410247993873E-004  1.01998584339965627E-003
   1241.5000000000000       9.37441911687071226E-004  1.00413673435318773E-003
   1248.0000000000000       9.22869749241663493E-004  9.88533856223963248E-004
   1254.5000000000000       9.08524324512855028E-004  9.73173386069735888E-004
   1261.0000000000000       8.94402096182098072E-004  9.58051560153851817E-004
   1267.5000000000000       8.80499579053480594E-004  9.43164673037174086E-004
   1274.0000000000000       8.66813343115170956E-004  9.28509076683416449E-004
   1280.5000000000000       8.53340012619480939E-004  9.14081179577714426E-004
   1287.0000000000000       8.40076265181010327E-004  8.99877445858269891E-004
   1293.5000000000000       8.27018830892367932E-004  8.85894394460901360E-004
   1300.0000000000000       8.14164491456974759E-004  8.72128598276333323E-004
   1306.5000000000000       8.01510079338487022E-004  8.58576683320060258E-004
   1313.0000000000000       7.89052476926386235E-004  8.45235327914617830E-004
   1319.5000000000000       7.76788615717306286E-004  8.32101261884100473E-004
   1326.0000000000000       7.64715475511688414E-004  8.19171265760760886E-004
   1332.5000000000000       7.52830083625364460E-004  8.06442170003527845E-004
   1339.0000000000000       7.41129514115689459E-004  7.93910854228282179E-004
   1345.5000000000000       7.29610887021858419E-004  7.81574246449731223E-004
   1352.0000000000000       7.18271367619054591E-004  7.69429322334723551E-004
   1358.5000000000000       7.07108165686093121E-004  7.57473104466844290E-004
   1365.0000000000000       6.96118534786234304E-004  7.45702661622134680E-004
   1371.5000000000000       6.85299771560851775E-004  7.34115108055785268E-004
   1378.0000000000000       6.74649215035654903E-004  7.22707602799641316E-004
   1384.5000000000000       6.64164245939176108E-004  7.11477348970375565E-004
   1391.0000000000000       6.53842286033238292E-004  7.00421593088172982E-004
   1397.5000000000000       6.43680797455136204E-004  6.89537624405780710E-004
   1404.0000000000000       6.33677282071267627E-004  6.78822774247773791E-004
   1410.5000000000000       6.23829280841963624E-004  6.68274415359889555E-004
   1417.0000000000000       6.14134373197270408E-004  6.57889961268289187E-004
   1423.5000000000000       6.04590176423450078E-004  6.47666865648599977E-004
   1430.0000000000000       5.95194345059970892E-004  6.37602621704598744E-004
   1436.5000000000000       5.85944570306767333E-004  6.27694761556395675E-004
   1443.0000000000000       5.76838579441551254E-004  6.17940855637977337E-004
   1449.5000000000000       5.67874135246970420E-004  6.08338512103977864E-004
   1456.0000000000000       5.59049035447413824E-004  5.98885376245539237E-004
   1462.5000000000000       5.50361112155266599E-004  5.89579129915127282E-004
   1469.0000000000000       5.41808231326425965E-004  5.80417490960171345E-004
   1475.5000000000000       5.33388292224893572E-004  5.71398212665399376E-004
   1482.0000000000000       5.25099226896268167E-004  5.62519083203736367E-004
   1488.5000000000000       5.16938999649961105E-004  5.53777925095642106E-004
   1495.0000000000000       5.08905606549969573E-004  5.45172594676761736E-004
   1501.5000000000000       5.00997074914042622E-004  5.36700981573764416E-004
   1508.0000000000000       4.93211462821079982E-004  5.28361008188248668E-004
   1514.5000000000000       4.85546858626606775E-004  5.20150629188593084E-004
   1521.0000000000000       4.78001380486176453E-004  5.12067831009634968E-004
   1527.5000000000000       4.70573175886551697E-004  5.04110631360057222E-004
   1534.0000000000000       4.63260421184520318E-004  4.96277078737370077E-004
   1540.5000000000000       4.56061321153207878E-004  4.88565251950370013E-004
   1547.0000000000000       4.48974108535747326E-004  4.80973259648966598E-004
   1553.5000000000000       4.41997043606176087E-004  4.73499239861264369E-004
   1560.0000000000000       4.35128413737427360E-004  4.66141359537788804E-004
   1566.5000000000000       4.28366532976291097E-004  4.58897814102751786E-004
   1573.0000000000000       4.21709741625220312E-004  4.51766827012246592E-004
   1579.5000000000000       4.15156405830860529E-004  4.44746649319267720E-004
   1586.0000000000000       4.08704917179185921E-004  4.37835559245454008E-004
   1592.5000000000000       4.02353692297124671E-004  4.31031861759450597E-004
   1599.0000000000000       3.96101172460562481E-004  4.24333888161790144E-004
   1605.5000000000000       3.89945823208612545E-004  4.17739995676193329E-004
   1612.0000000000000       3.83886133964044180E-004  4.11248567047191012E-004
   1618.5000000000000       3.77920617659764386E-004  4.04858010143972324E-004
   1625.0000000000000       3.72047810371248428E-004  3.98566757570362499E-004
   1631.5000000000000       3.66266270954819961E-004  3.92373266280837013E-004
   1638.0000000000000       3.60574580691678940E-004  3.86276017202479525E-004
   1644.5000000000000       3.54971342937581476E-004  3.80273514862794091E-004
   1651.0000000000000       3.49455182778076617E-004  3.74364287023279624E-004
   1657.5000000000000       3.44024746689206842E-004  3.68546884318679947E-004
   1664.0000000000000       3.38678702203579435E-004  3.62819879901822584E-004
   1670.5000000000000       3.33415737581721928E-004  3.57181869093958781E-004
   1677.0000000000000       3.28234561488632175E-004  3.51631469040522386E-004
   1683.5000000000000       3.23133902675435509E-004  3.46167318372221254E-004
   1690.0000000000000       3.18112509666067494E-004  3.40788076871383950E-004
   1696.5000000000000       3.13169150448897775E-004  3.35492425143476636E-004
   1703.0000000000000       3.08302612173214129E-004  3.30279064293712444E-004
   1709.5000000000000       3.03511700850487198E-004  3.25146715608674809E-004
   1716.0000000000000       2.98795241060337627E-004  3.20094120242877221E-004
   1722.5000000000000       2.94152075661128674E-004  3.15120038910183186E-004
   1729.0000000000000       2.89581065505107866E-004  3.10223251580012615E-004
   1735.5000000000000       2.85081089158027766E-004  3.05402557178260047E-004
   1742.0000000000000       2.80651042623168104E-004  3.00656773292850980E-004
   1748.5000000000000       2.76289839069691586E-004  2.95984735883866217E-004
   1755.0000000000000       2.71996408565260714E-004  2.91385298998164189E-004
   1761.5000000000000       2.67769697812849880E-004  2.86857334488429530E-004
   1768.0000000000000       2.63608669891683114E-004  2.82399731736582423E-004
   1774.5000000000000       2.59512304002231257E-004  2.78011397381478301E-004
   1781.0000000000000       2.55479595215204027E-004  2.73691255050834028E-004
   1787.5000000000000       2.51509554224472868E-004  2.69438245097314505E-004
   1794.0000000000000       2.47601207103861367E-004  2.65251324338714996E-004
   1800.5000000000000       2.43753595067741077E-004  2.61129465802175558E-004
   1807.0000000000000       2.39965774235373510E-004  2.57071658472366631E-004
   1813.5000000000000       2.36236815398936244E-004  2.53076907043582957E-004
   1820.0000000000000       2.32565803795176882E-004  2.49144231675685877E-004
   1826.5000000000000       2.28951838880635201E-004  2.45272667753834695E-004
   1833.0000000000000       2.25394034110377978E-004  2.41461265651947730E-004
   1839.5000000000000       2.21891516720190473E-004  2.37709090499836070E-004
   1846.0000000000000       2.18443427512168890E-004  2.34015221953952682E-004
   1852.5000000000000       2.15048920643661341E-004  2.30378753971701339E-004
   1859.0000000000000       2.11707163419503350E-004  2.26798794589249628E-004
   1865.5000000000000       2.08417336087496179E-004  2.23274465702791953E-004
   1872.0000000000000       2.05178631637076172E-004  2.19804902853209903E-004
   1878.5000000000000       2.01990255601125669E-004  2.16389255014075413E-004
   1885.0000000000000       1.98851425860874638E-004  2.13026684382947235E-004
   1891.5000000000000       1.95761372453845704E-004  2.09716366175908045E-004
   1898.0000000000000       1.92719337384793818E-004  2.06457488425292621E-004
   1904.5000000000000       1.89724574439593008E-004  2.03249251780557170E-004
   1911.0000000000000       1.86776349002024697E-004  2.00090869312241837E-004
   1917.5000000000000       1.83873937873421699E-004  1.96981566318977353E-004
   1924.0000000000000       1.81016629095122312E-004  1.93920580137489981E-004
   1930.5000000000000       1.78203721773691529E-004  1.90907159955556999E-004
   1937.0000000000000       1.75434525908864988E-004  1.87940566627867449E-004
   1943.5000000000000       1.72708362224172790E-004  1.85020072494743187E-004
   1950.0000000000000       1.70024562000202327E-004  1.82144961203676491E-004
   1956.5000000000000       1.67382466910457743E-004  1.79314527533638325E-004
   1963.0000000000000       1.64781428859774970E-004  1.76528077222117035E-004
   1969.5000000000000       1.62220809825253435E-004  1.73784926794843603E-004
   1976.0000000000000       1.59699981699664529E-004  1.71084403398161179E-004
   1982.5000000000000       1.57218326137297166E-004  1.68425844633999665E-004
   1989.0000000000000       1.54775234402204306E-004  1.65808598397413498E-004
   1995.5000000000000       1.52370107218810415E-004  1.63232022716643045E-004
   2002.0000000000000       1.50002354624844726E-004  1.60695485595661397E-004
   2008.5000000000000       1.47671395826563735E-004  1.58198364859166580E-004
   2015.0000000000000       1.45376659056226191E-004  1.55740047999982132E-004
   2021.5000000000000       1.43117581431786214E-004  1.53319932028828261E-004
   2028.0000000000000       1.40893608818769251E-004  1.50937423326426995E-004
   2034.5000000000000       1.38704195694297917E-004  1.48591937497905588E-004
   2041.0000000000000       1.36548805013232623E-004  1.46282899229461231E-004
   2047.5000000000000       1.34426908076395047E-004  1.44009742147252815E-004
   2054.0000000000000       1.32337984400841742E-004  1.41771908678485221E-004
   2060.5000000000000       1.30281521592155258E-004  1.39568849914651992E-004
   2067.0000000000000       1.28257015218722606E-004  1.37400025476902359E-004
   2073.5000000000000       1.26263968687968347E-004  1.35264903383500396E-004
   2080.0000000000000       1.24301893124513285E-004  1.33162959919343269E-004
   2086.5000000000000       1.22370307250227955E-004  1.31093679507506998E-004
   2093.0000000000000       1.20468737266151747E-004  1.29056554582787739E-004
   2099.5000000000000       1.18596716736247908E-004  1.27051085467208249E-004
   2106.0000000000000       1.16753786472967018E-004  1.25076780247458745E-004
   2112.5000000000000       1.14939494424589735E-004  1.23133154654241224E-004
   2119.0000000000000       1.13153395564321077E-004  1.21219731943489480E-004
   2125.5000000000000       1.11395051781109565E-004  1.19336042779433923E-004
   2132.0000000000000       1.09664031772163878E-004  1.17481625119483923E-004
   2138.5000000000000       1.07959910937141000E-004  1.15656024100898474E-004
   2145.0000000000000       1.06282271273979310E-004  1.13858791929217807E-004
   2151.5000000000000       1.04630701276351326E-004  1.12089487768428679E-004
   2158.0000000000000       1.03004795832710894E-004  1.10347677632836080E-004
   2164.5000000000000       1.01404156126909720E-004  1.08632934280615274E-004
   2171.0000000000000       9.98283895403592183E-005  1.06944837109017681E-004
   2177.5000000000000       9.82771095557131286E-005  1.05282972051205193E-004
   2184.0000000000000       9.67499356620478049E-005  1.03646931474687479E-004
   2190.5000000000000       9.52464932615162838E-005  1.02036314081337202E-004
   2197.0000000000000       9.37664135774535305E-005  1.00450724808959314E-004
   2203.5000000000000       9.23093335639104339E-005  9.88897747343894020E-005
   2210.0000000000000       9.08748958165938214E-005  9.73530809780977772E-005
   2216.5000000000000       8.94627484851908783E-005  9.58402666102761100E-005
   2223.0000000000000       8.80725451870566662E-005  9.43509605583831896E-005
   2229.5000000000000       8.67039449222432477E-005  9.28847975161272484E-005
   2236.0000000000000       8.53566119898493145E-005  9.14414178538626161E-005
   2242.5000000000000       8.40302159056704106E-005  9.00204675303787867E-005
   2249.0000000000000       8.27244313211289353E-005  8.86215980060602021E-005
   2255.5000000000000       8.14389379434644754E-005  8.72444661573952438E-005
   2262.0000000000000       8.01734204571645070E-005  8.58887341928137786E-005
   2268.5000000000000       7.89275684466162196E-005  8.45540695698323750E-005
   2275.0000000000000       7.77010763199606529E-005  8.32401449134871575E-005
   2281.5000000000000       7.64936432341303894E-005  8.19466379360340942E-005
   2288.0000000000000       7.53049730210523035E-005  8.06732313578968348E-005
   2294.5000000000000       7.41347741149972749E-005  7.94196128298432205E-005
   2301.0000000000000       7.29827594810590434E-005  7.81854748563710189E-005
   2307.5000000000000       7.18486465447448059E-005  7.69705147202839223E-005
   2314.0000000000000       7.07321571226597720E-005  7.57744344084400161E-005
   2320.5000000000000       6.96330173542695536E-005  7.45969405386536757E-005
   2327.0000000000000       6.85509576347226318E-005  7.34377442877334231E-005
   2333.5000000000000       6.74857125487170195E-005  7.22965613206380287E-005
   2340.0000000000000       6.64370208053947209E-005  7.11731117207335396E-005
   2346.5000000000000       6.54046251742482389E-005  7.00671199211339550E-005
   2353.0000000000000       6.43882724220227733E-005  6.89783146371088771E-005
   2359.5000000000000       6.33877132505994190E-005  6.79064287995414438E-005
   2366.0000000000000       6.24027022358436155E-005  6.68511994894201281E-005
   2372.5000000000000       6.14329977674038725E-005  6.58123678733488345E-005
   2379.0000000000000       6.04783619894460199E-005  6.47896791400587714E-005
   2385.5000000000000       5.95385607423089481E-005  6.37828824379071361E-005
   2392.0000000000000       5.86133635050665382E-005  6.27917308133467850E-005
   2398.5000000000000       5.77025433389825342E-005  6.18159811503522652E-005
   2405.0000000000000       5.68058768318440460E-005  6.08553941107867904E-005
   2411.5000000000000       5.59231440431601914E-005  5.99097340756964001E-005
   2418.0000000000000       5.50541284502124536E-005  5.89787690875158511E-005
   2424.5000000000000       5.41986168949434112E-005  5.80622707931727845E-005
   2431.0000000000000       5.33563995316706685E-005  5.71600143880760051E-005
   2437.5000000000000       5.25272697756136190E-005  5.62717785609742800E-005
   2444.0000000000000       5.17110242522199494E-005  5.53973454396717793E-005
   2450.5000000000000       5.09074627472797027E-005  5.45365005375870871E-005
   2457.0000000000000       5.01163881578145783E-005  5.36890327011428330E-005
   2463.5000000000000       4.93376064437304234E-005  5.28547340579726158E-005
   2470.0000000000000       4.85709265802209948E-005  5.20333999659328725E-005
   2476.5000000000000       4.78161605109114716E-005  5.12248289629071437E-005
   2483.0000000000000       4.70731231017300846E-005  5.04288227173901985E-005
   2489.5000000000000       4.63416320954965726E-005  4.96451859798401131E-005
   2496.0000000000000       4.56215080672164134E-005  4.88737265347863575E-005
   2502.5000000000000       4.49125743800696836E-005  4.81142551536820238E-005
   2509.0000000000000       4.42146571420839877E-005  4.73665855484886706E-005
   2515.5000000000000       4.35275851634804611E-005  4.66305343259825202E-005
   2522.0000000000000       4.28511899146829316E-005  4.59059209427707148E-005
   2528.5000000000000       4.21853054849793572E-005  4.51925676610063937E-005
   2535.0000000000000       4.15297685418257963E-005  4.44902995047922738E-005
   2541.5000000000000       4.08844182907827790E-005  4.37989442172613815E-005
   2548.0000000000000       4.02490964360741941E-005  4.31183322183248201E-005
   2554.5000000000000       3.96236471417591831E-005  4.24482965630761840E-005
   2561.0000000000000       3.90079169935073124E-005  4.17886729008422724E-005
   2567.5000000000000       3.84017549609678874E-005  4.11392994348701692E-005
   2574.0000000000000       3.78050123607239096E-005  4.05000168826407002E-005
   2580.5000000000000       3.72175428198218331E-005  3.98706684367986720E-005
   2587.0000000000000       3.66392022398679589E-005  3.92510997266901296E-005
   2593.5000000000000       3.60698487616828542E-005  3.86411587804974559E-005
   2600.0000000000000       3.55093427305049820E-005  3.80406959879627053E-005
   2606.5000000000000       3.49575466617350756E-005  3.74495640636902805E-005
   2613.0000000000000       3.44143252072127956E-005  3.68676180110198937E-005
   2619.5000000000000       3.38795451220175384E-005  3.62947150864608789E-005
   2626.0000000000000       3.33530752317850798E-005  3.57307147646790898E-005
   2632.5000000000000       3.28347864005320867E-005  3.51754787040280516E-005
   2639.0000000000000       3.23245514989806631E-005  3.46288707126156026E-005
   2645.5000000000000       3.18222453733750825E-005  3.40907567148979169E-005
   2652.0000000000000       3.13277448147832336E-005  3.35610047187926574E-005
   2658.5000000000000       3.08409285288749121E-005  3.30394847833030122E-005
   2665.0000000000000       3.03616771061699164E-005  3.25260689866450301E-005
   2671.5000000000000       2.98898729927483572E-005  3.20206313948701593E-005
   2678.0000000000000       2.94254004614162017E-005  3.15230480309752910E-005
   2684.5000000000000       2.89681455833188321E-005  3.10331968444930092E-005
   2691.0000000000000       2.85179961999957641E-005  3.05509576815541869E-005
   2697.5000000000000       2.80748418958696379E-005  3.00762122554159053E-005
   2704.0000000000000       2.76385739711626029E-005  2.96088441174473427E-005
   2710.5000000000000       2.72090854152337373E-005  2.91487386285665567E-005
   2717.0000000000000       2.67862708803307265E-005  2.86957829311209823E-005
   2723.5000000000000       2.63700266557493546E-005  2.82498659212050742E-005
   2730.0000000000000       2.59602506423946519E-005  2.78108782214079629E-005
   2736.5000000000000       2.55568423277372852E-005  2.73787121539846966E-005
   2743.0000000000000       2.51597027611591558E-005  2.69532617144443880E-005
   2749.5000000000000       2.47687345296820707E-005  2.65344225455487185E-005
   2756.0000000000000       2.43838417340736777E-005  2.61220919117145419E-005
   2762.5000000000000       2.40049299653245581E-005  2.57161686738142135E-005
   2769.0000000000000       2.36319062814909793E-005  2.53165532643675741E-005
   2775.5000000000000       2.32646791848974196E-005  2.49231476631193809E-005
   2782.0000000000000       2.29031585996934038E-005  2.45358553729962915E-005
   2788.5000000000000       2.25472558497591130E-005  2.41545813964374152E-005
   2795.0000000000000       2.21968836369542186E-005  2.37792322120927218E-005
   2801.5000000000000       2.18519560197048796E-005  2.34097157518835186E-005
   2808.0000000000000       2.15123883919233591E-005  2.30459413784194107E-005
   2814.5000000000000       2.11780974622553102E-005  2.26878198627661490E-005
   2821.0000000000000       2.08490012336494501E-005  2.23352633625589868E-005
   2827.5000000000000       2.05250189832447967E-005  2.19881854004561978E-005
   2834.0000000000000       2.02060712425704327E-005  2.16465008429273008E-005
   2840.5000000000000       1.98920797780529368E-005  2.13101258793709944E-005
   2847.0000000000000       1.95829675718267200E-005  2.09789780015575073E-005
   2853.5000000000000       1.92786588028425615E-005  2.06529759833904679E-005
   2860.0000000000000       1.89790788282697334E-005  2.03320398609832829E-005
   2866.5000000000000       1.86841541651870480E-005  2.00160909130450190E-005
   2873.0000000000000       1.83938124725585626E-005  1.97050516415711923E-005
   2879.5000000000000       1.81079825334892252E-005  1.93988457528345295E-005
   2886.0000000000000       1.78265942377563613E-005  1.90973981386711475E-005
   2892.5000000000000       1.75495785646125135E-005  1.88006348580575492E-005
   2899.0000000000000       1.72768675658556376E-005  1.85084831189738862E-005
   2905.5000000000000       1.70083943491622799E-005  1.82208712605490703E-005
   2912.0000000000000       1.67440930616797859E-005  1.79377287354833322E-005
   2918.5000000000000       1.64838988738734912E-005  1.76589860927439175E-005
   2925.0000000000000       1.62277479636248834E-005  1.73845749605296584E-005
   2931.5000000000000       1.59755775005768922E-005  1.71144280295003821E-005
   2938.0000000000000       1.57273256307224668E-005  1.68484790362667649E-005
   2944.5000000000000       1.54829314612326165E-005  1.65866627471368572E-005
   2951.0000000000000       1.52423350455201914E-005  1.63289149421150998E-005
   2957.5000000000000       1.50054773685357829E-005  1.60751723991500783E-005
   2964.0000000000000       1.47723003322921594E-005  1.58253728786270113E-005
   2970.5000000000000       1.45427467416135896E-005  1.55794551081011492E-005
   2977.0000000000000       1.43167602901066317E-005  1.53373587672685577E-005
   2983.5000000000000       1.40942855463489316E-005  1.50990244731703001E-005
   2990.0000000000000       1.38752679402926424E-005  1.48643937656266202E-005
   2996.5000000000000       1.36596537498791123E-005  1.46334090928974753E-005
   3003.0000000000000       1.34473900878616133E-005  1.44060137975658584E-005
   3009.5000000000000       1.32384248888327975E-005  1.41821521026404827E-005
   3016.0000000000000       1.30327068964537414E-005  1.39617690978744496E-005
   3022.5000000000000       1.28301856508814672E-005  1.37448107262965321E-005
   3029.0000000000000       1.26308114763918222E-005  1.35312237709516921E-005
   3035.5000000000000       1.24345354691946803E-005  1.33209558418477117E-005
   3042.0000000000000       1.22413094854385145E-005  1.31139553631046307E-005
   3048.5000000000000       1.20510861294013578E-005  1.29101715603038695E-005
   3055.0000000000000       1.18638187418652627E-005  1.27095544480339560E-005
   3061.5000000000000       1.16794613886714208E-005  1.25120548176297867E-005
   3068.0000000000000       1.14979688494531404E-005  1.23176242251024085E-005
   3074.5000000000000       1.13192966065438976E-005  1.21262149792563531E-005
   3081.0000000000000       1.11434008340577602E-005  1.19377801299916457E-005
   3087.5000000000000       1.09702383871394691E-005  1.17522734567875538E-005
   3094.0000000000000       1.07997667913816085E-005  1.15696494573653680E-005
   3100.5000000000000       1.06319442324061974E-005  1.13898633365272416E-005
   3107.0000000000000       1.04667295456081756E-005  1.12128709951685949E-005
   3113.5000000000000       1.03040822060583006E-005  1.10386290194611789E-005
   3120.0000000000000       1.01439623185629208E-005  1.08670946702042315E-005
   3126.5000000000000       9.98633060787821410E-006  1.06982258723411571E-005
   3133.0000000000000       9.83114840907650438E-006  1.05319812046390755E-005
   3139.5000000000000       9.67837765806228446E-006  1.03683198895287484E-005
   3146.0000000000000       9.52798088223560897E-006  1.02072017831024093E-005
   3152.5000000000000       9.37992119130056887E-006  1.00485873652669768E-005
   3159.0000000000000       9.23416226821657739E-006  9.89243773005031778E-006
   3165.5000000000000       9.09066836029030577E-006  9.73871457605816826E-006
   3172.0000000000000       8.94940427040604626E-006  9.58738019707930425E-006
   3178.5000000000000       8.81033534839232031E-006  9.43839747283670112E-006
   3185.0000000000000       8.67342748252264495E-006  9.29172985988244773E-006
   3191.5000000000000       8.53864709114842951E-006  9.14734138263412533E-006
   3198.0000000000000       8.40596111446179881E-006  9.00519662455049118E-006
   3204.5000000000000       8.27533700638650789E-006  8.86526071944426960E-006
   3211.0000000000000       8.14674272659479548E-006  8.72749934292995178E-006
   3217.5000000000000       8.02014673264835310E-006  8.59187870400450166E-006
   3224.0000000000000       7.89551797226138041E-006  8.45836553675886583E-006
   3230.5000000000000       7.77282587568387522E-006  8.32692709221829339E-006
   3237.0000000000000       7.65204034820329807E-006  8.19753113030946680E-006
   3243.5000000000000       7.53313176276273511E-006  8.07014591195243119E-006
   3250.0000000000000       7.41607095269377219E-006  7.94474019127544001E-006
