   0.0000000000000000        0.0000000000000000        0.0000000000000000     
   6.5000000000000000      -2.05838444280179514E-002  6.62672782923674764E-002
   13.000000000000000      -6.52627903574612561E-002  0.10037102999918096     
   19.500000000000000      -0.10387238920512153       0.10012929251295702     
   26.000000000000000      -0.12202759165530126       8.43143790054626946E-002
   32.500000000000000      -0.12428950236444393       6.94363324949763272E-002
   39.000000000000000      -0.12046309338440381       6.03523964388318485E-002
   45.500000000000000      -0.11624709835878352       5.51554446738049334E-002
   52.000000000000000      -0.11298226852060650       5.13716754397097047E-002
   58.500000000000000      -0.11036837785488955       4.79232838195804908E-002
   65.000000000000000      -0.10803310441629729       4.46487065640544106E-002
   71.500000000000000      -0.10582584756160549       4.16400646116241238E-002
   78.000000000000000      -0.10371451835317384       3.89788175363748046E-002
   84.500000000000000      -0.10169804716944873       3.66951325255934283E-002
   91.000000000000000      -9.97777597177550574E-002  3.47807040259612982E-002
   97.500000000000000      -9.79525706968533416E-002  3.32027788590301132E-002
   104.00000000000000      -9.62188482346860718E-002  3.19145281116089141E-002
   110.50000000000000      -9.45705949692188658E-002  3.08635149485591183E-002
   117.00000000000000      -9.30000633791910475E-002  2.99984939282608269E-002
   123.50000000000000      -9.14990100997025851E-002  2.92736494475036094E-002
   130.00000000000000      -9.00595934830052403E-002  2.86499134631373609E-002
   136.50000000000000      -8.86739134014869479E-002  2.80948368947749778E-002
   143.00000000000000      -8.73330849039871543E-002  2.75829669748411423E-002
   149.50000000000000      -8.60276602318604394E-002  2.70966240552634845E-002
   156.00000000000000      -8.47494108555821163E-002  2.66254141970265340E-002
   162.50000000000000      -8.34926766374520651E-002  2.61640529393448798E-002
   169.00000000000000      -8.22542055831910479E-002  2.57099238221177064E-002
   175.50000000000000      -8.10321473257235997E-002  2.52616717859718773E-002
   182.00000000000000      -7.98252801678420859E-002  2.48187861868778628E-002
   188.50000000000000      -7.86327763297299254E-002  2.43814706391560811E-002
   195.00000000000000      -7.74542049119495007E-002  2.39504051864137986E-002
   201.50000000000000      -7.62894942229465772E-002  2.35264400899150156E-002
   208.00000000000000      -7.51388127706688891E-002  2.31103617998170696E-002
   214.50000000000000      -7.40024374736210078E-002  2.27027766447466181E-002
   221.00000000000000      -7.28806577441648284E-002  2.23040804200813764E-002
   227.50000000000000      -7.17737215898312658E-002  2.19144711032300751E-002
   234.00000000000000      -7.06818116138650254E-002  2.15339785542437781E-002
   240.50000000000000      -6.96050386901091722E-002  2.11624992347381989E-002
   247.00000000000000      -6.85434453734955623E-002  2.07998305216026864E-002
   253.50000000000000      -6.74970142855455535E-002  2.04457017633649304E-002
   260.00000000000000      -6.64656784975311415E-002  2.00998005933802695E-002
   266.50000000000000      -6.54493320421478258E-002  1.97617940212126177E-002
   273.00000000000000      -6.44478395219819922E-002  1.94313445177613855E-002
   279.50000000000000      -6.34610443967392884E-002  1.91081216377253331E-002
   286.00000000000000      -6.24887758524136708E-002  1.87918097995440105E-002
   292.50000000000000      -6.15308542505433667E-002  1.84821128783032029E-002
   299.00000000000000      -6.05870952125087195E-002  1.81787563327044273E-002
   305.50000000000000      -5.96573125027269405E-002  1.78814875899918173E-002
   312.00000000000000      -5.87413199652689552E-002  1.75900752939379956E-002
   318.50000000000000      -5.78389327672900605E-002  1.73043078510156066E-002
   325.00000000000000      -5.69499681384680462E-002  1.70239915813510737E-002
   331.50000000000000      -5.60742457380533979E-002  1.67489487085679678E-002
   338.00000000000000      -5.52115877558008658E-002  1.64790153689412557E-002
   344.50000000000000      -5.43618188419109846E-002  1.62140397621285334E-002
   351.00000000000000      -5.35247659452030150E-002  1.59538805089153649E-002
   357.50000000000000      -5.27002581167493808E-002  1.56984052381497277E-002
   364.00000000000000      -5.18881263151628330E-002  1.54474893983653043E-002
   370.50000000000000      -5.10882032339946210E-002  1.52010152752268830E-002
   377.00000000000000      -5.03003231612263041E-002  1.49588711889323336E-002
   383.50000000000000      -4.95243218740110194E-002  1.47209508431502597E-002
   390.00000000000000      -4.87600365673955885E-002  1.44871527974847810E-002
   396.50000000000000      -4.80073058130775707E-002  1.42573800378363175E-002
   403.00000000000000      -4.72659695429140589E-002  1.40315396225031454E-002
   409.50000000000000      -4.65358690515410289E-002  1.38095423857395438E-002
   416.00000000000000      -4.58168470127454167E-002  1.35913026842672622E-002
   422.50000000000000      -4.51087475048816272E-002  1.33767381756465312E-002
   429.00000000000000      -4.44114160414397288E-002  1.31657696203175429E-002
   435.50000000000000      -4.37246996037218005E-002  1.29583207014822566E-002
   442.00000000000000      -4.30484466733799670E-002  1.27543178588260496E-002
   448.50000000000000      -4.23825072632602468E-002  1.25536901334365823E-002
   455.00000000000000      -4.17267329455597372E-002  1.23563690222417161E-002
   461.50000000000000      -4.10809768767402758E-002  1.21622883409421619E-002
   468.00000000000000      -4.04450938189646336E-002  1.19713840948314030E-002
   474.50000000000000      -3.98189401580480787E-002  1.17835943571379300E-002
   481.00000000000000      -3.92023739180667186E-002  1.15988591546453673E-002
   487.50000000000000      -3.85952547728508621E-002  1.14171203603873842E-002
   494.00000000000000      -3.79974440546337125E-002  1.12383215932090660E-002
   500.50000000000000      -3.74088047601353682E-002  1.10624081239582960E-002
   507.00000000000000      -3.68292015543531248E-002  1.08893267880344601E-002
   513.50000000000000      -3.62585007723078001E-002  1.07190259039876071E-002
   520.00000000000000      -3.56965704189692937E-002  1.05514551978339467E-002
   526.50000000000000      -3.51432801675564191E-002  1.03865657327358862E-002
   533.00000000000000      -3.45985013563792909E-002  1.02243098436869944E-002
   539.50000000000000      -3.40621069843687549E-002  1.00646410768435619E-002
   546.00000000000000      -3.35339717054160061E-002  9.90751413315313356E-003
   552.50000000000000      -3.30139718216289554E-002  9.75288481594490178E-003
   559.00000000000000      -3.25019852755978125E-002  9.60070998216528207E-003
   565.50000000000000      -3.19978916417514095E-002  9.45094749696294943E-003
   572.00000000000000      -3.15015721168771523E-002  9.30355619134954487E-003
   578.50000000000000      -3.10129095098713517E-002  9.15849582268443360E-003
   585.00000000000000      -3.05317882307806418E-002  9.01572703775333807E-003
   591.50000000000000      -3.00580942791920103E-002  8.87521133823112804E-003
   598.00000000000000      -2.95917152320249108E-002  8.73691104833776259E-003
   604.50000000000000      -2.91325402307765040E-002  8.60078928451399501E-003
   611.00000000000000      -2.86804599682681446E-002  8.46680992695894065E-003
   617.50000000000000      -2.82353666749391510E-002  8.33493759288598569E-003
   624.00000000000000      -2.77971541047315578E-002  8.20513761136610308E-003
   630.50000000000000      -2.73657175206071732E-002  8.07737599963918342E-003
   637.00000000000000      -2.69409536797363194E-002  7.95161944078403259E-003
   643.50000000000000      -2.65227608183953856E-002  7.82783526264704821E-003
   650.00000000000000      -2.61110386366081339E-002  7.70599141793765294E-003
   656.50000000000000      -2.57056882825637996E-002  7.58605646540610069E-003
   663.00000000000000      -2.53066123368428618E-002  7.46799955202599904E-003
   669.50000000000000      -2.49137147964793894E-002  7.35179039610993519E-003
   676.00000000000000      -2.45269010588870899E-002  7.23739927129227797E-003
   682.50000000000000      -2.41460779056742354E-002  7.12479699131825153E-003
   689.00000000000000      -2.37711534863710404E-002  7.01395489558307057E-003
   695.50000000000000      -2.34020373020913074E-002  6.90484483536928789E-003
   702.00000000000000      -2.30386401891486681E-002  6.79743916073437520E-003
   708.50000000000000      -2.26808743026462208E-002  6.69171070800427242E-003
   715.00000000000000      -2.23286531000571366E-002  6.58763278783197105E-003
   721.50000000000000      -2.19818913248122638E-002  6.48517917378333298E-003
   728.00000000000000      -2.16405049899097666E-002  6.38432409141516041E-003
   734.50000000000000      -2.13044113615605407E-002  6.28504220781324167E-003
   741.00000000000000      -2.09735289428821942E-002  6.18730862156046963E-003
   747.50000000000000      -2.06477774576533171E-002  6.09109885310744198E-003
   754.00000000000000      -2.03270778341388125E-002  5.99638883551997966E-003
   760.50000000000000      -2.00113521889961760E-002  5.90315490557993209E-003
   767.00000000000000      -1.97005238112719430E-002  5.81137379521743172E-003
   773.50000000000000      -1.93945171464965128E-002  5.72102262325431977E-003
   780.00000000000000      -1.90932577808850257E-002  5.63207888744004462E-003
   786.50000000000000      -1.87966724256512091E-002  5.54452045676266485E-003
   793.00000000000000      -1.85046889014405143E-002  5.45832556401888540E-003
   799.50000000000000      -1.82172361228882945E-002  5.37347279862821717E-003
   806.00000000000000      -1.79342440833081471E-002  5.28994109967745492E-003
   812.50000000000000      -1.76556438395151540E-002  5.20770974918266343E-003
   819.00000000000000      -1.73813674967881436E-002  5.12675836555675276E-003
   825.50000000000000      -1.71113481939747826E-002  5.04706689727164610E-003
   832.00000000000000      -1.68455200887427346E-002  4.96861561670472549E-003
   838.50000000000000      -1.65838183429799155E-002  4.89138511416008399E-003
   845.00000000000000      -1.63261791083463385E-002  4.81535629205567459E-003
   851.50000000000000      -1.60725395119798789E-002  4.74051035926813507E-003
   858.00000000000000      -1.58228376423577149E-002  4.66682882562760235E-003
   864.50000000000000      -1.55770125353152794E-002  4.59429349655538291E-003
   871.00000000000000      -1.53350041602239428E-002  4.52288646783779655E-003
   877.50000000000000      -1.50967534063285360E-002  4.45259012053000544E-003
   884.00000000000000      -1.48622020692456541E-002  4.38338711598399398E-003
   890.50000000000000      -1.46312928376233324E-002  4.31526039099534246E-003
   897.00000000000000      -1.44039692799625470E-002  4.24819315306367712E-003
   903.50000000000000      -1.41801758316008383E-002  4.18216887576211820E-003
   910.00000000000000      -1.39598577818581000E-002  4.11717129421126232E-003
   916.50000000000000      -1.37429612613444909E-002  4.05318440065357243E-003
   923.00000000000000      -1.35294332294302495E-002  3.99019244012430337E-003
   929.50000000000000      -1.33192214618770288E-002  3.92817990621529244E-003
   936.00000000000000      -1.31122745386302759E-002  3.86713153692820263E-003
   942.50000000000000      -1.29085418317720878E-002  3.80703231061402464E-003
   949.00000000000000      -1.27079734936337996E-002  3.74786744199579174E-003
   955.50000000000000      -1.25105204450675026E-002  3.68962237827167141E-003
   962.00000000000000      -1.23161343638756148E-002  3.63228279529575517E-003
   968.50000000000000      -1.21247676733975303E-002  3.57583459383401577E-003
   975.00000000000000      -1.19363735312522645E-002  3.52026389589304252E-003
   981.50000000000000      -1.17509058182359970E-002  3.46555704111931127E-003
   988.00000000000000      -1.15683191273733589E-002  3.41170058326683559E-003
   994.50000000000000      -1.13885687531211366E-002  3.35868128673120526E-003
   1001.0000000000000      -1.12116106807232004E-002  3.30648612314807201E-003
   1007.5000000000000      -1.10374015757152763E-002  3.25510226805429161E-003
   1014.0000000000000      -1.08658987735781587E-002  3.20451709760997136E-003
   1020.5000000000000      -1.06970602695380182E-002  3.15471818537980475E-003
   1027.0000000000000      -1.05308447085122863E-002  3.10569329917212162E-003
   1033.5000000000000      -1.03672113751996989E-002  3.05743039793416162E-003
   1040.0000000000000      -1.02061201843129459E-002  3.00991762870216886E-003
   1046.5000000000000      -1.00475316709524622E-002  2.96314332360493029E-003
   1053.0000000000000      -9.89140698111976545E-003  2.91709599691948596E-003
   1059.5000000000000      -9.73770786236882041E-003  2.87176434217775419E-003
   1066.0000000000000      -9.58639665459384838E-003  2.82713722932289484E-003
   1072.5000000000000      -9.43743628095199474E-003  2.78320370191426731E-003
   1079.0000000000000      -9.29079023891925780E-003  2.73995297437989657E-003
   1085.5000000000000      -9.14642259147812817E-003  2.69737442931539074E-003
   1092.0000000000000      -9.00429795843527350E-003  2.65545761482830845E-003
   1098.5000000000000      -8.86438150786772461E-003  2.61419224192700446E-003
   1105.0000000000000      -8.72663894769591837E-003  2.57356818195300738E-003
   1111.5000000000000      -8.59103651738202245E-003  2.53357546405604071E-003
   1118.0000000000000      -8.45754097975193360E-003  2.49420427271080736E-003
   1124.5000000000000      -8.32611961293934152E-003  2.45544494527469770E-003
   1131.0000000000000      -8.19674020245030055E-003  2.41728796958561075E-003
   1137.5000000000000      -8.06937103334666450E-003  2.37972398159910043E-003
   1144.0000000000000      -7.94398088254689126E-003  2.34274376306407113E-003
   1150.5000000000000      -7.82053901124254991E-003  2.30633823923630720E-003
   1157.0000000000000      -7.69901515742906634E-003  2.27049847662910351E-003
   1163.5000000000000      -7.57937952854907931E-003  2.23521568080030202E-003
   1170.0000000000000      -7.46160279424689689E-003  2.20048119417505690E-003
   1176.5000000000000      -7.34565607923253708E-003  2.16628649390368435E-003
   1183.0000000000000      -7.23151095625381574E-003  2.13262318975394145E-003
   1189.5000000000000      -7.11913943917497245E-003  2.09948302203711787E-003
   1196.0000000000000      -7.00851397616035661E-003  2.06685785956734402E-003
   1202.5000000000000      -6.89960744296168500E-003  2.03473969765351074E-003
   1209.0000000000000      -6.79239313630741314E-003  2.00312065612322883E-003
   1215.5000000000000      -6.68684476739275346E-003  1.97199297737827650E-003
   1222.0000000000000      -6.58293645546891969E-003  1.94134902448098189E-003
   1228.5000000000000      -6.48064272153015940E-003  1.91118127927099660E-003
   1235.0000000000000      -6.37993848209718415E-003  1.88148234051195335E-003
   1241.5000000000000      -6.28079904309557669E-003  1.85224492206748775E-003
   1248.0000000000000      -6.18320009382783854E-003  1.82346185110612521E-003
   1254.5000000000000      -6.08711770103766408E-003  1.79512606633455197E-003
   1261.0000000000000      -5.99252830306514894E-003  1.76723061625878516E-003
   1267.5000000000000      -5.89940870409154990E-003  1.73976865747277722E-003
   1274.0000000000000      -5.80773606847232067E-003  1.71273345297400176E-003
   1280.5000000000000      -5.71748791515710748E-003  1.68611837050556494E-003
   1287.0000000000000      -5.62864211219540889E-003  1.65991688092440980E-003
   1293.5000000000000      -5.54117687132665675E-003  1.63412255659517967E-003
   1300.0000000000000      -5.45507074265344505E-003  1.60872906980932297E-003
   1306.5000000000000      -5.37030260939668543E-003  1.58373019122902306E-003
   1313.0000000000000      -5.28685168273145076E-003  1.55911978835554760E-003
   1319.5000000000000      -5.20469749670232889E-003  1.53489182402162636E-003
   1326.0000000000000      -5.12381990321706272E-003  1.51104035490745559E-003
   1332.5000000000000      -5.04419906711733607E-003  1.48755953007995980E-003
   1339.0000000000000      -4.96581546132552568E-003  1.46444358955492436E-003
   1345.5000000000000      -4.88864986206627959E-003  1.44168686288163894E-003
   1352.0000000000000      -4.81268334416182220E-003  1.41928376774968319E-003
   1358.5000000000000      -4.73789727639981322E-003  1.39722880861750318E-003
   1365.0000000000000      -4.66427331697273802E-003  1.37551657536242873E-003
   1371.5000000000000      -4.59179340898769987E-003  1.35414174195178896E-003
   1378.0000000000000      -4.52043977604554923E-003  1.33309906513478832E-003
   1384.5000000000000      -4.45019491788832631E-003  1.31238338315481395E-003
   1391.0000000000000      -4.38104160611395288E-003  1.29198961448184660E-003
   1397.5000000000000      -4.31296287995717054E-003  1.27191275656466079E-003
   1404.0000000000000      -4.24594204213569679E-003  1.25214788460249250E-003
   1410.5000000000000      -4.17996265476062827E-003  1.23269015033587400E-003
   1417.0000000000000      -4.11500853531009732E-003  1.21353478085632583E-003
   1423.5000000000000      -4.05106375266522500E-003  1.19467707743461438E-003
   1430.0000000000000      -3.98811262320740954E-003  1.17611241436727139E-003
   1436.5000000000000      -3.92613970697601889E-003  1.15783623784110118E-003
   1443.0000000000000      -3.86512980388556892E-003  1.13984406481537691E-003
   1449.5000000000000      -3.80506795000146473E-003  1.12213148192146384E-003
   1456.0000000000000      -3.74593941387342186E-003  1.10469414437957755E-003
   1462.5000000000000      -3.68772969292566980E-003  1.08752777493242121E-003
   1469.0000000000000      -3.63042450990307521E-003  1.07062816279542982E-003
   1475.5000000000000      -3.57400980937232476E-003  1.05399116262336443E-003
   1482.0000000000000      -3.51847175427732377E-003  1.03761269349299571E-003
   1488.5000000000000      -3.46379672254796970E-003  1.02148873790162617E-003
   1495.0000000000000      -3.40997130376149721E-003  1.00561534078120541E-003
   1501.5000000000000      -3.35698229585556238E-003  9.89988608527790030E-004
   1508.0000000000000      -3.30481670189229507E-003  9.74604708046108948E-004
   1514.5000000000000      -3.25346172687251359E-003  9.59459865808998894E-004
   1521.0000000000000      -3.20290477459934291E-003  9.44550366931477554E-004
   1527.5000000000000      -3.15313344459046928E-003  9.29872554259221626E-004
   1534.0000000000000      -3.10413552903828025E-003  9.15422827471231880E-004
   1540.5000000000000      -3.05589900981716135E-003  9.01197642196453091E-004
   1547.0000000000000      -3.00841205553720572E-003  8.87193509144141982E-004
   1553.5000000000000      -2.96166301864363808E-003  8.73406993247760805E-004
   1560.0000000000000      -2.91564043256123352E-003  8.59834712822187203E-004
   1566.5000000000000      -2.87033300888304239E-003  8.46473338734033917E-004
   1573.0000000000000      -2.82572963460274223E-003  8.33319593584872886E-004
   1579.5000000000000      -2.78181936938993015E-003  8.20370250907160670E-004
   1586.0000000000000      -2.73859144290770039E-003  8.07622134372671004E-004
   1592.5000000000000      -2.69603525217185832E-003  7.95072117013234680E-004
   1599.0000000000000      -2.65414035895111030E-003  7.82717120453598316E-004
   1605.5000000000000      -2.61289648720761667E-003  7.70554114156213137E-004
   1612.0000000000000      -2.57229352057726469E-003  7.58580114677764481E-004
   1618.5000000000000      -2.53232149988906257E-003  7.46792184937262798E-004
   1625.0000000000000      -2.49297062072303607E-003  7.35187433495513459E-004
   1631.5000000000000      -2.45423123100604011E-003  7.23763013845790388E-004
   1638.0000000000000      -2.41609382864489729E-003  7.12516123715535598E-004
   1644.5000000000000      -2.37854905919628263E-003  7.01444004378917762E-004
   1651.0000000000000      -2.34158771357278464E-003  6.90543939980075932E-004
   1657.5000000000000      -2.30520072578458942E-003  6.79813256866884782E-004
   1664.0000000000000      -2.26937917071622910E-003  6.69249322935076265E-004
   1670.5000000000000      -2.23411426193785090E-003  6.58849546982557968E-004
   1677.0000000000000      -2.19939734955047761E-003  6.48611378073768474E-004
   1683.5000000000000      -2.16521991806472745E-003  6.38532304913912185E-004
   1690.0000000000000      -2.13157358431248240E-003  6.28609855232923026E-004
   1696.5000000000000      -2.09845009539097894E-003  6.18841595179003053E-004
   1703.0000000000000      -2.06584132663883502E-003  6.09225128721587448E-004
   1709.5000000000000      -2.03373927964351376E-003  5.99758097063589953E-004
   1716.0000000000000      -2.00213608027972672E-003  5.90438178062784448E-004
   1722.5000000000000      -1.97102397677830811E-003  5.81263085662178788E-004
   1729.0000000000000      -1.94039533782508359E-003  5.72230569329243324E-004
   1735.5000000000000      -1.91024265068927127E-003  5.63338413503855105E-004
   1742.0000000000000      -1.88055851938094521E-003  5.54584437054822564E-004
   1748.5000000000000      -1.85133566283712933E-003  5.45966492744856579E-004
   1755.0000000000000      -1.82256691313606055E-003  5.37482466703857352E-004
   1761.5000000000000      -1.79424521373919396E-003  5.29130277910388113E-004
   1768.0000000000000      -1.76636361776051740E-003  5.20907877681206499E-004
   1774.5000000000000      -1.73891528626274501E-003  5.12813249168730663E-004
   1781.0000000000000      -1.71189348657998998E-003  5.04844406866314572E-004
   1787.5000000000000      -1.68529159066648209E-003  4.96999396121213335E-004
   1794.0000000000000      -1.65910307347094318E-003  4.89276292655116147E-004
   1800.5000000000000      -1.63332151133621737E-003  4.81673202092132912E-004
   1807.0000000000000      -1.60794058042376350E-003  4.74188259494114084E-004
   1813.5000000000000      -1.58295405516262026E-003  4.66819628903194269E-004
   1820.0000000000000      -1.55835580672247244E-003  4.59565502891443544E-004
   1826.5000000000000      -1.53413980151043908E-003  4.52424102117518967E-004
   1833.0000000000000      -1.51030009969121059E-003  4.45393674890205119E-004
   1839.5000000000000      -1.48683085373018178E-003  4.38472496738738005E-004
   1846.0000000000000      -1.46372630695921959E-003  4.31658869989806670E-004
   1852.5000000000000      -1.44098079216471091E-003  4.24951123351127833E-004
   1859.0000000000000      -1.41858873019754948E-003  4.18347611501492574E-004
   1865.5000000000000      -1.39654462860471819E-003  4.11846714687183837E-004
   1872.0000000000000      -1.37484308028213331E-003  4.05446838324665336E-004
   1878.5000000000000      -1.35347876214841683E-003  3.99146412609445379E-004
   1885.0000000000000      -1.33244643383927824E-003  3.92943892131019106E-004
   1891.5000000000000      -1.31174093642218007E-003  3.86837755493794054E-004
   1898.0000000000000      -1.29135719113097338E-003  3.80826504943907341E-004
   1904.5000000000000      -1.27129019812019669E-003  3.74908666001841752E-004
   1911.0000000000000      -1.25153503523872493E-003  3.69082787100750965E-004
   1917.5000000000000      -1.23208685682247763E-003  3.63347439230406037E-004
   1924.0000000000000      -1.21294089250588650E-003  3.57701215586674092E-004
   1930.5000000000000      -1.19409244605182211E-003  3.52142731226444199E-004
   1937.0000000000000      -1.17553689419971170E-003  3.46670622727916690E-004
   1943.5000000000000      -1.15726968553154759E-003  3.41283547856170266E-004
   1950.0000000000000      -1.13928633935551720E-003  3.35980185233927310E-004
   1956.5000000000000      -1.12158244460698218E-003  3.30759234017434468E-004
   1963.0000000000000      -1.10415365876652925E-003  3.25619413577381300E-004
   1969.5000000000000      -1.08699570679483696E-003  3.20559463184775736E-004
   1976.0000000000000      -1.07010438008409018E-003  3.15578141701703275E-004
   1982.5000000000000      -1.05347553542568914E-003  3.10674227276888811E-004
   1989.0000000000000      -1.03710509399399854E-003  3.05846517045992201E-004
   1995.5000000000000      -1.02098904034588628E-003  3.01093826836559505E-004
   2002.0000000000000      -1.00512342143580999E-003  2.96414990877559906E-004
   2008.5000000000000      -9.89504345646206093E-004  2.91808861513436065E-004
   2015.0000000000000      -9.74127981832944244E-004  2.87274308922597749E-004
   2021.5000000000000      -9.58990558385617101E-004  2.82810220840291080E-004
   2028.0000000000000      -9.44088362302429422E-004  2.78415502285773205E-004
   2034.5000000000000      -9.29417738279462937E-004  2.74089075293727238E-004
   2041.0000000000000      -9.14975087814093291E-004  2.69829878649850978E-004
   2047.5000000000000      -9.00756868322337922E-004  2.65636867630553424E-004
   2054.0000000000000      -8.86759592269919725E-004  2.61509013746698163E-004
   2060.5000000000000      -8.72979826316833065E-004  2.57445304491327198E-004
   2067.0000000000000      -8.59414190475202310E-004  2.53444743091306012E-004
   2073.5000000000000      -8.46059357280225504E-004  2.49506348262828006E-004
   2080.0000000000000      -8.32912050974001926E-004  2.45629153970717390E-004
   2086.5000000000000      -8.19969046702041576E-004  2.41812209191473898E-004
   2093.0000000000000      -8.07227169722258154E-004  2.38054577679998124E-004
   2099.5000000000000      -7.94683294626257549E-004  2.34355337739942948E-004
   2106.0000000000000      -7.82334344572723525E-004  2.30713581997633285E-004
   2112.5000000000000      -7.70177290532715977E-004  2.27128417179499006E-004
   2119.0000000000000      -7.58209150546697752E-004  2.23598963892966430E-004
   2125.5000000000000      -7.46426988993106606E-004  2.20124356410754678E-004
   2132.0000000000000      -7.34827915868291651E-004  2.16703742458524161E-004
   2138.5000000000000      -7.23409086077640077E-004  2.13336283005824428E-004
   2145.0000000000000      -7.12167698737718063E-004  2.10021152060291320E-004
   2151.5000000000000      -7.01100996489257395E-004  2.06757536465041673E-004
   2158.0000000000000      -6.90206264820816167E-004  2.03544635699216467E-004
   2164.5000000000000      -6.79480831402949517E-004  2.00381661681623682E-004
   2171.0000000000000      -6.68922065432727992E-004  1.97267838577432178E-004
   2177.5000000000000      -6.58527376988439820E-004  1.94202402607869876E-004
   2184.0000000000000      -6.48294216394321079E-004  1.91184601862878496E-004
   2190.5000000000000      -6.38220073595159045E-004  1.88213696116680231E-004
   2197.0000000000000      -6.28302477540611725E-004  1.85288956646210089E-004
   2203.5000000000000      -6.18538995579095367E-004  1.82409666052369557E-004
   2210.0000000000000      -6.08927232861090320E-004  1.79575118084058334E-004
   2216.5000000000000      -5.99464831751719113E-004  1.76784617464940052E-004
   2223.0000000000000      -5.90149471252453825E-004  1.74037479722900443E-004
   2229.5000000000000      -5.80978866431807275E-004  1.71333031022155081E-004
   2236.0000000000000      -5.71950767864872595E-004  1.68670607997966910E-004
   2242.5000000000000      -5.63062961081571773E-004  1.66049557593931214E-004
   2249.0000000000000      -5.54313266023478491E-004  1.63469236901789733E-004
   2255.5000000000000      -5.45699536509079534E-004  1.60929013003733971E-004
   2262.0000000000000      -5.37219659707347907E-004  1.58428262817158615E-004
   2268.5000000000000      -5.28871555619494626E-004  1.55966372941828031E-004
   2275.0000000000000      -5.20653176568775596E-004  1.53542739509416974E-004
   2281.5000000000000      -5.12562506698225088E-004  1.51156768035389953E-004
   2288.0000000000000      -5.04597561476193739E-004  1.48807873273182188E-004
   2294.5000000000000      -4.96756387209571805E-004  1.46495479070646420E-004
   2301.0000000000000      -4.89037060564575274E-004  1.44219018228730357E-004
   2307.5000000000000      -4.81437688094978652E-004  1.41977932362350329E-004
   2314.0000000000000      -4.73956405777680378E-004  1.39771671763427125E-004
   2320.5000000000000      -4.66591378555482892E-004  1.37599695266049779E-004
   2327.0000000000000      -4.59340799886978949E-004  1.35461470113734910E-004
   2333.5000000000000      -4.52202891303432554E-004  1.33356471828748572E-004
   2340.0000000000000      -4.45175901972545338E-004  1.31284184083459127E-004
   2346.5000000000000      -4.38258108269001313E-004  1.29244098573688720E-004
   2353.0000000000000      -4.31447813351685866E-004  1.27235714894033386E-004
   2359.5000000000000      -4.24743346747474154E-004  1.25258540415120015E-004
   2366.0000000000000      -4.18143063941486760E-004  1.23312090162771280E-004
   2372.5000000000000      -4.11645345973713796E-004  1.21395886699047790E-004
   2379.0000000000000      -4.05248599041905632E-004  1.19509460005138971E-004
   2385.5000000000000      -3.98951254110635619E-004  1.17652347366073898E-004
   2392.0000000000000      -3.92751766526437045E-004  1.15824093257223512E-004
   2398.5000000000000      -3.86648615638921314E-004  1.14024249232566434E-004
   2405.0000000000000      -3.80640304427782856E-004  1.12252373814691328E-004
   2411.5000000000000      -3.74725359135601318E-004  1.10508032386508331E-004
   2418.0000000000000      -3.68902328906348445E-004  1.08790797084643427E-004
   2424.5000000000000      -3.63169785429513249E-004  1.07100246694489233E-004
   2431.0000000000000      -3.57526322589757524E-004  1.05435966546886740E-004
   2437.5000000000000      -3.51970556122014331E-004  1.03797548416412674E-004
   2444.0000000000000      -3.46501123271947156E-004  1.02184590421247100E-004
   2450.5000000000000      -3.41116682461684853E-004  1.00596696924597361E-004
   2457.0000000000000      -3.35815912960750994E-004  9.90334784376536970E-005
   2463.5000000000000      -3.30597514562106865E-004  9.74945515240528124E-005
   2470.0000000000000      -3.25460207263227974E-004  9.59795387058262416E-005
   2476.5000000000000      -3.20402730952137481E-004  9.44880683708099298E-005
   2483.0000000000000      -3.15423845098317828E-004  9.30197746814928622E-005
   2489.5000000000000      -3.10522328448425500E-004  9.15742974852821096E-005
   2496.0000000000000      -3.05696978726734093E-004  9.01512822261621433E-005
   2502.5000000000000      -3.00946612340232571E-004  8.87503798577270490E-005
   2509.0000000000000      -2.96270064088306067E-004  8.73712467575642524E-005
   2515.5000000000000      -2.91666186876928316E-004  8.60135446429685066E-005
   2522.0000000000000      -2.87133851437294438E-004  8.46769404879656504E-005
   2528.5000000000000      -2.82671946048827349E-004  8.33611064416259299E-005
   2535.0000000000000      -2.78279376266487948E-004  8.20657197476465410E-005
   2541.5000000000000      -2.73955064652321733E-004  8.07904626651838786E-005
   2548.0000000000000      -2.69697950511178721E-004  7.95350223909159883E-005
   2554.5000000000000      -2.65506989630539289E-004  7.82990909823161129E-005
   2561.0000000000000      -2.61381154024382749E-004  7.70823652821186041E-005
   2567.5000000000000      -2.57319431681036722E-004  7.58845468439585098E-005
   2574.0000000000000      -2.53320826314944062E-004  7.47053418591666772E-005
   2580.5000000000000      -2.49384357122287535E-004  7.35444610847024954E-005
   2587.0000000000000      -2.45509058540412301E-004  7.24016197722064837E-005
   2593.5000000000000      -2.41693980010986579E-004  7.12765375981553098E-005
   2600.0000000000000      -2.37938185746842045E-004  7.01689385951023118E-005
   2606.5000000000000      -2.34240754502438399E-004  6.90785510839863107E-005
   2613.0000000000000      -2.30600779347894184E-004  6.80051076074924665E-005
   2619.5000000000000      -2.27017367446529270E-004  6.69483448644486267E-005
   2626.0000000000000      -2.23489639835864088E-004  6.59080036452409896E-005
   2632.5000000000000      -2.20016731212021937E-004  6.48838287682336419E-005
   2639.0000000000000      -2.16597789717481960E-004  6.38755690171759010E-005
   2645.5000000000000      -2.13231976732129860E-004  6.28829770795822805E-005
   2652.0000000000000      -2.09918466667555691E-004  6.19058094860701726E-005
   2658.5000000000000      -2.06656446764548338E-004  6.09438265506400477E-005
   2665.0000000000000      -2.03445116893736784E-004  5.99967923118837308E-005
   2671.5000000000000      -2.00283689359329053E-004  5.90644744751062881E-005
   2678.0000000000000      -1.97171388705901234E-004  5.81466443553472522E-005
   2684.5000000000000      -1.94107451528188567E-004  5.72430768212872607E-005
   2691.0000000000000      -1.91091126283832760E-004  5.63535502400264353E-005
   2697.5000000000000      -1.88121673109038664E-004  5.54778464227208032E-005
   2704.0000000000000      -1.85198363637095666E-004  5.46157505710634904E-005
   2710.5000000000000      -1.82320480819719383E-004  5.37670512245976858E-005
   2717.0000000000000      -1.79487318751169269E-004  5.29315402088481390E-005
   2723.5000000000000      -1.76698182495099607E-004  5.21090125842588967E-005
   2730.0000000000000      -1.73952387914100910E-004  5.12992665959242691E-005
   2736.5000000000000      -1.71249261501890373E-004  5.05021036241011807E-005
   2743.0000000000000      -1.68588140218109916E-004  4.97173281354904034E-005
   2749.5000000000000      -1.65968371325691367E-004  4.89447476352748538E-005
   2756.0000000000000      -1.63389312230748692E-004  4.81841726199032261E-005
   2762.5000000000000      -1.60850330324958772E-004  4.74354165306073712E-005
   2769.0000000000000      -1.58350802830390899E-004  4.66982957076419048E-005
   2775.5000000000000      -1.55890116646747789E-004  4.59726293452349290E-005
   2782.0000000000000      -1.53467668200980427E-004  4.52582394472389254E-005
   2788.5000000000000      -1.51082863299239849E-004  4.45549507834706185E-005
   2795.0000000000000      -1.48735116981129283E-004  4.38625908467294267E-005
   2801.5000000000000      -1.46423853376221322E-004  4.31809898104837216E-005
   2808.0000000000000      -1.44148505562804785E-004  4.25099804872147030E-005
   2814.5000000000000      -1.41908515428826380E-004  4.18493982874076310E-005
   2821.0000000000000      -1.39703333534993461E-004  4.11990811791801076E-005
   2827.5000000000000      -1.37532418980004063E-004  4.05588696485379699E-005
   2834.0000000000000      -1.35395239267870911E-004  3.99286066602485678E-005
   2840.5000000000000      -1.33291270177307564E-004  3.93081376193222257E-005
   2847.0000000000000      -1.31219995633143766E-004  3.86973103330921154E-005
   2853.5000000000000      -1.29180907579739667E-004  3.80959749738834814E-005
   2860.0000000000000      -1.27173505856366164E-004  3.75039840422629681E-005
   2866.5000000000000      -1.25197298074522436E-004  3.69211923308589564E-005
   2873.0000000000000      -1.23251799497159804E-004  3.63474568887441600E-005
   2879.5000000000000      -1.21336532919782053E-004  3.57826369863716937E-005
   2886.0000000000000      -1.19451028553393894E-004  3.52265940810560753E-005
   2892.5000000000000      -1.17594823909267864E-004  3.46791917829905144E-005
   2899.0000000000000      -1.15767463685502149E-004  3.41402958217923772E-005
   2905.5000000000000      -1.13968499655341343E-004  3.36097740135684041E-005
   2912.0000000000000      -1.12197490557232202E-004  3.30874962284918880E-005
   2918.5000000000000      -1.10454001986588448E-004  3.25733343588835382E-005
   2925.0000000000000      -1.08737606289236968E-004  3.20671622877884016E-005
   2931.5000000000000      -1.07047882456520163E-004  3.15688558580410404E-005
   2938.0000000000000      -1.05384416022028194E-004  3.10782928418115533E-005
   2944.5000000000000      -1.03746798959935909E-004  3.05953529106246138E-005
   2951.0000000000000      -1.02134629584919702E-004  3.01199176058446414E-005
   2957.5000000000000      -1.00547512453629618E-004  2.96518703096194339E-005
   2964.0000000000000      -9.89850582676922138E-005  2.91910962162754006E-005
   2970.5000000000000      -9.74468837782211262E-005  2.87374823041572948E-005
   2977.0000000000000      -9.59326116918112056E-005  2.82909173079054958E-005
   2983.5000000000000      -9.44418705779935644E-005  2.78512916911641644E-005
   2990.0000000000000      -9.29742947781288080E-005  2.74184976197134144E-005
   2996.5000000000000      -9.15295243157157465E-005  2.69924289350190630E-005
   3003.0000000000000      -9.01072048080941865E-005  2.65729811281933739E-005
   3009.5000000000000      -8.87069873795195366E-005  2.61600513143604251E-005
   3016.0000000000000      -8.73285285755883025E-005  2.57535382074198600E-005
   3022.5000000000000      -8.59714902789935313E-005  2.53533420952027576E-005
   3029.0000000000000      -8.46355396265889836E-005  2.49593648150136129E-005
   3035.5000000000000      -8.33203489277424753E-005  2.45715097295523148E-005
   3042.0000000000000      -8.20255955839577504E-005  2.41896817032103658E-005
   3048.5000000000000      -8.07509620097453132E-005  2.38137870787353649E-005
   3055.0000000000000      -7.94961355547231936E-005  2.34437336542581799E-005
   3061.5000000000000      -7.82608084269279392E-005  2.30794306606770625E-005
   3068.0000000000000      -7.70446776173173764E-005  2.27207887393932047E-005
   3074.5000000000000      -7.58474448254467076E-005  2.23677199203923071E-005
   3081.0000000000000      -7.46688163862992854E-005  2.20201376006667033E-005
   3087.5000000000000      -7.35085031982546724E-005  2.16779565229728168E-005
   3094.0000000000000      -7.23662206521759246E-005  2.13410927549187168E-005
   3100.5000000000000      -7.12416885615987342E-005  2.10094636683766375E-005
   3107.0000000000000      -7.01346310940055350E-005  2.06829879192154207E-005
   3113.5000000000000      -6.90447767031675464E-005  2.03615854273478787E-005
   3120.0000000000000      -6.79718580625380322E-005  2.00451773570882395E-005
   3126.5000000000000      -6.69156119996809054E-005  1.97336860978148621E-005
   3133.0000000000000      -6.58757794317179409E-005  1.94270352449333270E-005
   3139.5000000000000      -6.48521053017792407E-005  1.91251495811354628E-005
   3146.0000000000000      -6.38443385164413397E-005  1.88279550579495730E-005
   3152.5000000000000      -6.28522318841373128E-005  1.85353787775773148E-005
   3159.0000000000000      -6.18755420545239604E-005  1.82473489750128546E-005
   3165.5000000000000      -6.09140294587914377E-005  1.79637950004399137E-005
   3172.0000000000000      -5.99674582509001746E-005  1.76846473019022972E-005
   3178.5000000000000      -5.90355962497309577E-005  1.74098374082437599E-005
   3185.0000000000000      -5.81182148821341284E-005  1.71392979123129283E-005
   3191.5000000000000      -5.72150891268636316E-005  1.68729624544292513E-005
   3198.0000000000000      -5.63259974593824177E-005  1.66107657061058869E-005
   3204.5000000000000      -5.54507217975253809E-005  1.63526433540254850E-005
   3211.0000000000000      -5.45890474480068293E-005  1.60985320842649917E-005
   3217.5000000000000      -5.37407630537590713E-005  1.58483695667656395E-005
   3224.0000000000000      -5.29056605420893917E-005  1.56020944400441815E-005
   3230.5000000000000      -5.20835350736426633E-005  1.53596462961417837E-005
   3237.0000000000000      -5.12741849921569798E-005  1.51209656658067421E-005
   3243.5000000000000      -5.04774117750001632E-005  1.48859940039075067E-005
   3250.0000000000000      -4.96930199844747956E-005  1.46546736750723298E-005
