   0.0000000000000000        0.0000000000000000        0.0000000000000000     
   5.0000000000000000        3.8187068705381377E-021   1.7329530888844465E-017
   10.000000000000000        3.1763735522036216E-022   3.4558943365649464E-017
   15.000000000000000        1.6728900708272425E-021   5.1591681850709909E-017
   20.000000000000000        4.6622105138455464E-020   6.8338213196849038E-017
   25.000000000000000        4.7977357854062358E-020   8.4724312612759752E-017
   30.000000000000000       -1.7978274305472502E-020   1.0066891728073783E-016
   35.000000000000000       -1.5267768874258741E-020   1.1602709280490018E-016
   40.000000000000000       -1.7978274305472502E-020   1.3072751901108805E-016
   45.000000000000000       -9.2517173663850962E-020   1.4470141682398432E-016
   50.000000000000000       -1.5260004405575587E-019   1.5791648605386704E-016
   55.000000000000000       -2.1403816716326764E-019   1.7034754158777120E-016
   60.000000000000000       -2.1403816716326764E-019   1.8182653208896143E-016
   65.000000000000000       -2.1403816716326764E-019   1.9220957489413097E-016
   70.000000000000000       -2.1403816716326764E-019   2.0146933907351498E-016
   75.000000000000000       -2.1403816716326764E-019   2.0962886392327884E-016
   80.000000000000000       -2.1403816716326764E-019   2.1663732746658722E-016
   85.000000000000000       -2.1403816716326764E-019   2.2247440091270599E-016
   90.000000000000000       -2.1403816716326764E-019   2.2712472473085852E-016
   95.000000000000000       -1.8331910560951177E-019   2.3055261059953349E-016
   100.00000000000000       -5.4570097626858177E-020   2.3277341804950809E-016
   105.00000000000000        1.0580147371995600E-019   2.3377991906629880E-016
   110.00000000000000        2.9418160118931234E-019   2.3358024516619938E-016
   115.00000000000000        5.3903059180895490E-019   2.3217801035645136E-016
   120.00000000000000        8.3266868019044488E-019   2.2960664420404005E-016
   125.00000000000000        1.1394075448228036E-018   2.2589054125784602E-016
   130.00000000000000        1.4755102182933101E-018   2.2100892097623003E-016
   135.00000000000000        1.8434613305805779E-018   2.1500063393703949E-016
   140.00000000000000        2.1237727672586042E-018   2.0789820620544904E-016
   145.00000000000000        2.3950491858325847E-018   1.9975223388284130E-016
   150.00000000000000        2.6465967953434297E-018   1.9065939166292957E-016
   155.00000000000000        2.7664801918114925E-018   1.8066033712718197E-016
   160.00000000000000        2.7844372902932878E-018   1.6981831540232697E-016
   165.00000000000000        2.7162229036077453E-018   1.5817488757164301E-016
   170.00000000000000        2.5811493829522661E-018   1.4589358746281360E-016
   175.00000000000000        2.3552739303511156E-018   1.3297170457040729E-016
   180.00000000000000        2.0950654089545905E-018   1.1944628246865062E-016
   185.00000000000000        1.7621249918204998E-018   1.0530738263762934E-016
   190.00000000000000        1.4111145384783184E-018   9.0654390276487762E-017
   195.00000000000000        1.0352577853500123E-018   7.5578107317171608E-017
   200.00000000000000        5.0716097716853342E-019   6.0226256305682034E-017
   205.00000000000000       -3.9457618126241743E-020   4.4658920112411026E-017
   210.00000000000000       -3.8549881151119867E-019   2.8946120127664919E-017
   215.00000000000000       -7.5593455377707929E-019   1.3166912759853984E-017
   220.00000000000000       -1.1317913069053880E-018  -2.6204261242505684E-018
   225.00000000000000       -1.5645686740891845E-018  -1.8299570666559155E-017
   230.00000000000000       -2.0090915648082401E-018  -3.3695919142211140E-017
   235.00000000000000       -2.4870440225122664E-018  -4.8612959907443473E-017
   240.00000000000000       -3.0327591159966414E-018  -6.3140760798980894E-017
   245.00000000000000       -3.6137107800867944E-018  -7.7288540358732696E-017
   250.00000000000000       -4.0139620820960214E-018  -9.0981583222143093E-017
   255.00000000000000       -4.3545822646185483E-018  -1.0412290411675152E-016
   260.00000000000000       -4.7087549742971471E-018  -1.1663934057173890E-016
   265.00000000000000       -5.0511821604404846E-018  -1.2848718568702683E-016
   270.00000000000000       -5.3827673248589639E-018  -1.3960906709765467E-016
   275.00000000000000       -5.7965711540242751E-018  -1.4993970679782066E-016
   280.00000000000000       -6.2049539723271576E-018  -1.5943912483241448E-016
   285.00000000000000       -6.6033982707155894E-018  -1.6809693093061644E-016
   290.00000000000000       -7.0406931469514162E-018  -1.7582096790776522E-016
   295.00000000000000       -7.4535934743063006E-018  -1.8252946885001928E-016
   300.00000000000000       -7.7734331151895185E-018  -1.8812169330551845E-016
   305.00000000000000       -8.0331898856808383E-018  -1.9270606149151139E-016
   310.00000000000000       -8.2138902477617593E-018  -1.9626405162088450E-016
   315.00000000000000       -8.3494155193224782E-018  -1.9879837419906939E-016
   320.00000000000000       -8.5359886431710345E-018  -2.0027559965908087E-016
   325.00000000000000       -8.7433423086588835E-018  -2.0071108753169575E-016
   330.00000000000000       -8.8160742043964621E-018  -2.0009218879156862E-016
   335.00000000000000       -8.8741241957149687E-018  -1.9846498203103007E-016
   340.00000000000000       -8.8849662174398170E-018  -1.9587283533697924E-016
   345.00000000000000       -8.8627174853585981E-018  -1.9227689813156893E-016
   350.00000000000000       -8.7693744545711828E-018  -1.8767626691298884E-016
   355.00000000000000       -8.6521239188475115E-018  -1.8210166074279260E-016
   360.00000000000000       -8.5623031333990904E-018  -1.7567324536176388E-016
   365.00000000000000       -8.4565934215817635E-018  -1.6838288925360930E-016
   370.00000000000000       -8.2119703064147284E-018  -1.6028660953057378E-016
   375.00000000000000       -7.9251084816112818E-018  -1.5144674781757521E-016
   380.00000000000000       -7.5537692375350014E-018  -1.4194100527030855E-016
   385.00000000000000       -7.1002113287118968E-018  -1.3174860134713439E-016
   390.00000000000000       -6.5974125712217453E-018  -1.2109089399160191E-016
   395.00000000000000       -6.0887410519639617E-018  -1.0988476103715386E-016
   400.00000000000000       -5.5701310127917251E-018  -9.8236815697417925E-017
   405.00000000000000       -4.8997326694715203E-018  -8.6320078569086511E-017
   410.00000000000000       -4.1597646867501625E-018  -7.4086664056208461E-017
   415.00000000000000       -3.2729776598380641E-018  -6.1484620804685217E-017
   420.00000000000000       -2.2583451267537128E-018  -4.8677482642200190E-017
   425.00000000000000       -1.1976340013387301E-018  -3.5762827764277047E-017
   430.00000000000000       -9.8072298076348289E-020  -2.2814743319368940E-017
   435.00000000000000        9.2378824949124019E-019  -9.8653036217451870E-018
   440.00000000000000        1.8318075689478513E-018   3.0086936747097744E-018
   445.00000000000000        2.7687389463374110E-018   1.5840678136980921E-017
   450.00000000000000        3.6677232476899756E-018   2.8526408243692817E-017
   455.00000000000000        4.6118826395627601E-018   4.1030082735608207E-017
   460.00000000000000        5.5704980604020217E-018   5.3243422567636383E-017
   465.00000000000000        6.5887446007279935E-018   6.5053122965866303E-017
   470.00000000000000        7.6060876392435631E-018   7.6551849334727622E-017
   475.00000000000000        8.3550906400689517E-018   8.7589479201535248E-017
   480.00000000000000        8.8953847226908655E-018   9.7948918021907951E-017
   485.00000000000000        9.4374858089335869E-018   1.0770470469520410E-016
   490.00000000000000        9.9795868951763084E-018   1.1678060625617075E-016
   495.00000000000000        1.0521687981419030E-017   1.2514341901327567E-016
   500.00000000000000        1.1116192172665233E-017   1.3283267117072384E-016
   505.00000000000000        1.1786590515985437E-017   1.3976072305290629E-016
   510.00000000000000        1.2516168227887149E-017   1.4591311863085633E-016
   515.00000000000000        1.3183404314870935E-017   1.5128940615366884E-016
   520.00000000000000        1.3744478939132160E-017   1.5603098365467219E-016
   525.00000000000000        1.4140212732089345E-017   1.5995805427359577E-016
   530.00000000000000        1.4477218907370258E-017   1.6303312268530773E-016
   535.00000000000000        1.4729295912473130E-017   1.6552227017297231E-016
   540.00000000000000        1.4999442953784146E-017   1.6731030025576302E-016
   545.00000000000000        1.5173367052287028E-017   1.6820296004444263E-016
   550.00000000000000        1.5305278316606113E-017   1.6824632813134206E-016
   555.00000000000000        1.5377332585985866E-017   1.6742414148387392E-016
   560.00000000000000        1.5388513420889602E-017   1.6572284757488217E-016
   565.00000000000000        1.5311264016100006E-017   1.6329604171213541E-016
   570.00000000000000        1.5144822041964536E-017   1.6007686476166390E-016
   575.00000000000000        1.4866744654684905E-017   1.5603640466553461E-016
   580.00000000000000        1.4488798553620023E-017   1.5124332756133826E-016
   585.00000000000000        1.3988710301561077E-017   1.4568950193278125E-016
   590.00000000000000        1.3396351927114572E-017   1.3939209431426124E-016
   595.00000000000000        1.2894456671434820E-017   1.3240531481440267E-016
   600.00000000000000        1.2286851703937731E-017   1.2479963657441675E-016
   605.00000000000000        1.1605837214345272E-017   1.1660126114680556E-016
   610.00000000000000        1.0885294520547608E-017   1.0786033288204645E-016
   615.00000000000000        1.0128160003428558E-017   9.8636031148720846E-017
   620.00000000000000        9.3886437716123969E-018   8.8971724033728164E-017
   625.00000000000000        8.5971761856979697E-018   7.8892709587759796E-017
   630.00000000000000        7.7338802058563816E-018   6.8463136439354508E-017
   635.00000000000000        6.8371546590298333E-018   5.7857832188825460E-017
   640.00000000000000        5.9246178305212053E-018   4.7063244309016644E-017
   645.00000000000000        4.8715864704946523E-018   3.6023807438588204E-017
   650.00000000000000        3.7778975289998876E-018   2.4796893942500820E-017
   655.00000000000000        2.6720113130646727E-018   1.3509219949663678E-017
   660.00000000000000        1.3899422441005648E-018   2.3094115078884161E-018
   665.00000000000000       -2.7652096424232268E-020  -8.7810732148278875E-018
   670.00000000000000       -1.4678339822091441E-018  -1.9738517295962122E-017
   675.00000000000000       -2.9161473842876963E-018  -3.0554224530589122E-017
   680.00000000000000       -4.3753028080910992E-018  -4.1185170938944316E-017
   685.00000000000000       -5.6167142955870082E-018  -5.1541881607366065E-017
   690.00000000000000       -6.8743888156701989E-018  -6.1591814588812034E-017
   695.00000000000000       -8.1230283176493288E-018  -7.1210946613284441E-017
   700.00000000000000       -9.3662468087660300E-018  -8.0399898838277951E-017
   705.00000000000000       -1.0606754794451521E-017  -8.9159123014697784E-017
   710.00000000000000       -1.1706768248619110E-017  -9.7446267495181260E-017
   715.00000000000000       -1.2727273543471095E-017  -1.0510615584379131E-016
   720.00000000000000       -1.3668722429912666E-017  -1.1206628204024298E-016
   725.00000000000000       -1.4555057705919560E-017  -1.1841970677100803E-016
   730.00000000000000       -1.5302253703124142E-017  -1.2414519774354190E-016
   735.00000000000000       -1.5997950097135682E-017  -1.2921971566167935E-016
   740.00000000000000       -1.6611879577305602E-017  -1.3359989243852083E-016
   745.00000000000000       -1.7092090789535662E-017  -1.3728211406682476E-016
   750.00000000000000       -1.7476079058957620E-017  -1.4024017899408932E-016
   755.00000000000000       -1.7774234656391137E-017  -1.4246776270764173E-016
   760.00000000000000       -1.7972101552869718E-017  -1.4396125120024050E-016
   765.00000000000000       -1.8088427410959336E-017  -1.4472832423727402E-016
   770.00000000000000       -1.8090686165485345E-017  -1.4477304757688902E-016
   775.00000000000000       -1.7998528980824069E-017  -1.4407418892654106E-016
   780.00000000000000       -1.7829235329099501E-017  -1.4265930509144736E-016
   785.00000000000000       -1.7556293079062593E-017  -1.4053968984423822E-016
   790.00000000000000       -1.7161314557150019E-017  -1.3772347470120706E-016
   795.00000000000000       -1.6679606920046504E-017  -1.3416593632273903E-016
   800.00000000000000       -1.6123783900058249E-017  -1.2989146925771486E-016
   805.00000000000000       -1.5499915899973870E-017  -1.2498138866907109E-016
   810.00000000000000       -1.4768644122177702E-017  -1.1946234786021466E-016
   815.00000000000000       -1.3956395994623980E-017  -1.1334157484562889E-016
   820.00000000000000       -1.3023982126286453E-017  -1.0666831047398057E-016
   825.00000000000000       -1.2023353871263380E-017  -9.9508058626524193E-017
   830.00000000000000       -1.0893524857352453E-017  -9.1954783491541936E-017
   835.00000000000000       -9.5798332250241938E-018  -8.4033331368819707E-017
   840.00000000000000       -8.2232252567017061E-018  -7.5724728720339138E-017
   845.00000000000000       -6.8426744904034893E-018  -6.7116615221709443E-017
   850.00000000000000       -5.4106241209122171E-018  -5.8218025891034673E-017
   855.00000000000000       -3.8556975052059226E-018  -4.9063745548015459E-017
   860.00000000000000       -2.2858631096279483E-018  -3.9763549662615857E-017
   865.00000000000000       -6.8485790159101821E-019  -3.0382716240637630E-017
   870.00000000000000        9.3105508631758531E-019  -2.0878554821539219E-017
   875.00000000000000        2.5654898613394857E-018  -1.1295562869482943E-017
   880.00000000000000        4.0693686247579146E-018  -1.7165237378472141E-018
   885.00000000000000        5.5371073157601657E-018   7.8293117022561494E-018
   890.00000000000000        6.9416008800341023E-018   1.7302019964579895E-017
   895.00000000000000        8.3619057259901232E-018   2.6651230823193959E-017
   900.00000000000000        9.7171584415970022E-018   3.5790913965088886E-017
   905.00000000000000        1.1003745019613126E-017   4.4687413947827113E-017
   910.00000000000000        1.2245608258014229E-017   5.3218842730298731E-017
   915.00000000000000        1.3431002633265041E-017   6.1428060179634782E-017
   920.00000000000000        1.4557669390839557E-017   6.9283443732471163E-017
   925.00000000000000        1.5646389072377074E-017   7.6744335807339675E-017
   930.00000000000000        1.6684512652531912E-017   8.3792779305758443E-017
   935.00000000000000        1.7673395384019705E-017   9.0380662756323458E-017
   940.00000000000000        1.8571927934467060E-017   9.6464166321230179E-017
   945.00000000000000        1.9353005249561852E-017   1.0190550597439184E-016
   950.00000000000000        2.0020241336545646E-017   1.0678260874695577E-016
   955.00000000000000        2.0484641267093591E-017   1.1107559759909318E-016
   960.00000000000000        2.0830230709573324E-017   1.1477995502175195E-016
   965.00000000000000        2.1042779510471007E-017   1.1786947946243042E-016
   970.00000000000000        2.1139454204184293E-017   1.2032655263582568E-016
   975.00000000000000        2.1123191171597022E-017   1.2216066131094695E-016
   980.00000000000000        2.1003928932623611E-017   1.2336141521697465E-016
   985.00000000000000        2.0764275077413791E-017   1.2393197661024513E-016
   990.00000000000000        2.0399486221462956E-017   1.2388544626700930E-016
   995.00000000000000        1.9933731038199387E-017   1.2318161835670402E-016
   1000.0000000000000        1.9341993821247525E-017   1.2187063722980698E-016
   1005.0000000000000        1.8590435604364578E-017   1.1995702039537006E-016
   1010.0000000000000        1.7733180028228110E-017   1.1744709236606611E-016
   1015.0000000000000        1.6757567479580607E-017   1.1434537065094716E-016
   1020.0000000000000        1.5695726976902639E-017   1.1067489454617859E-016
   1025.0000000000000        1.4549747868130686E-017   1.0645463758977879E-016
   1030.0000000000000        1.3372485009173500E-017   1.0168234102722175E-016
   1035.0000000000000        1.2145755426096686E-017   9.6393241429113304E-017
   1040.0000000000000        1.0861201727153980E-017   9.0696662514512424E-017
   1045.0000000000000        9.4573857892378635E-018   8.4548332694709181E-017
   1050.0000000000000        7.9993597426974607E-018   7.8016466356389200E-017
   1055.0000000000000        6.4853165839119712E-018   7.1118230033950239E-017
   1060.0000000000000        4.8919911412634890E-018   6.3952557175631481E-017
   1065.0000000000000        3.3759151034045965E-018   5.6510864514234095E-017
   1070.0000000000000        1.8937203834358787E-018   4.8845329279309013E-017
   1075.0000000000000        4.2643344333882871E-019   4.0970633375275287E-017
   1080.0000000000000       -9.4327530123452512E-019   3.2893778941163462E-017
   1085.0000000000000       -2.3224708148171262E-018   2.4645259163074777E-017
   1090.0000000000000       -3.7170258591766064E-018   1.6345239781793037E-017
   1095.0000000000000       -5.1188089180193286E-018   8.0437522100693887E-018
   1100.0000000000000       -6.4004262360782322E-018  -1.7664607417044630E-019
   1105.0000000000000       -7.6784295468955122E-018  -8.3082188366748855E-018
   1110.0000000000000       -8.9876036701717514E-018  -1.6351220187328087E-017
   1115.0000000000000       -1.0221335392279212E-017  -2.4247564841772107E-017
   1120.0000000000000       -1.1402664009383201E-017  -3.1994877578450683E-017
   1125.0000000000000       -1.2486866181868704E-017  -3.9572095511408757E-017
   1130.0000000000000       -1.3509178480341498E-017  -4.6883401567792130E-017
   1135.0000000000000       -1.4428039821522953E-017  -5.3921454795391255E-017
   1140.0000000000000       -1.5282752534165673E-017  -6.0645541143874824E-017
   1145.0000000000000       -1.6032207285896287E-017  -6.7008904394554312E-017
   1150.0000000000000       -1.6706671387363326E-017  -7.2947621794343697E-017
   1155.0000000000000       -1.7286719549643083E-017  -7.8463274471411103E-017
   1160.0000000000000       -1.7743439714802620E-017  -8.3511816712499306E-017
   1165.0000000000000       -1.8084511648230350E-017  -8.8071564474158629E-017
   1170.0000000000000       -1.8321229122556334E-017  -9.2104796555804685E-017
   1175.0000000000000       -1.8503284737352850E-017  -9.5519129897323584E-017
   1180.0000000000000       -1.8588891533888696E-017  -9.8416208452385889E-017
   1185.0000000000000       -1.8569014494059810E-017  -1.0075898864676498E-016
   1190.0000000000000       -1.8471662173988705E-017  -1.0255153623860769E-016
   1195.0000000000000       -1.8291187687360396E-017  -1.0379339947700883E-016
   1200.0000000000000       -1.8029623913248266E-017  -1.0448548186377869E-016
   1205.0000000000000       -1.7685050910305223E-017  -1.0462597639529659E-016
   1210.0000000000000       -1.7255887550363062E-017  -1.0422436984057180E-016
   1215.0000000000000       -1.6738068075274934E-017  -1.0328834196499264E-016
   1220.0000000000000       -1.6165219693046870E-017  -1.0180705074683433E-016
   1225.0000000000000       -1.5567007968004442E-017  -9.9823412522091029E-017
   1230.0000000000000       -1.4902877668493918E-017  -9.7346914059772028E-017
   1235.0000000000000       -1.4168895385266505E-017  -9.4404660414189448E-017
   1240.0000000000000       -1.3370256253731966E-017  -9.1012914617930620E-017
   1245.0000000000000       -1.2494988874902520E-017  -8.7172128421900737E-017
   1250.0000000000000       -1.1556928120249960E-017  -8.2903534118644259E-017
   1255.0000000000000       -1.0558332744300288E-017  -7.8238302520620183E-017
   1260.0000000000000       -9.5089153915153596E-018  -7.3230191985547601E-017
   1265.0000000000000       -8.4276495999136720E-018  -6.7876040257089994E-017
   1270.0000000000000       -7.3350900356819189E-018  -6.2202048887749245E-017
   1275.0000000000000       -6.2027763917923708E-018  -5.6247520206277764E-017
   1280.0000000000000       -5.0587172243675630E-018  -5.0093317624706933E-017
   1285.0000000000000       -3.9047195370283037E-018  -4.3720467605018175E-017
   1290.0000000000000       -2.7581757396248844E-018  -3.7188601266698200E-017
   1295.0000000000000       -1.6039521768330279E-018  -3.0542441949362001E-017
   1300.0000000000000       -4.4204884865272847E-019  -2.3818129725425818E-017
   1305.0000000000000        7.2979299944202093E-019  -1.7035767510171190E-017
   1310.0000000000000        1.9038936020627812E-018  -1.0194790614966562E-017
   1315.0000000000000        3.0685074356742905E-018  -3.3532490311304234E-018
   1320.0000000000000        4.2304107638545884E-018   3.3876085697087490E-018
   1325.0000000000000        5.3950245974661019E-018   1.0065729263587954E-017
   1330.0000000000000        6.4909722934868730E-018   1.6600334341770704E-017
   1335.0000000000000        7.5543939243330847E-018   2.3002140535691736E-017
   1340.0000000000000        8.6385960968186045E-018   2.9260330528753844E-017
   1345.0000000000000        9.6681364097746334E-018   3.5347335163175838E-017
   1350.0000000000000        1.0616813310699434E-017   4.1191015466283256E-017
   1355.0000000000000        1.1527091384682055E-017   4.6784708112224344E-017
   1360.0000000000000        1.2306361696156022E-017   5.2048057908736255E-017
   1365.0000000000000        1.3079307494957157E-017   5.6932162820330838E-017
   1370.0000000000000        1.3745188329225333E-017   6.1449897747806329E-017
   1375.0000000000000        1.4384867610991800E-017   6.5615041093771484E-017
   1380.0000000000000        1.4952040872473278E-017   6.9407715818397307E-017
   1385.0000000000000        1.5458679512657636E-017   7.2807367255497159E-017
   1390.0000000000000        1.5839505525743165E-017   7.5800894628820180E-017
   1395.0000000000000        1.6107845563433330E-017   7.8421727505351285E-017
   1400.0000000000000        1.6294644562734466E-017   8.0642309079873139E-017
   1405.0000000000000        1.6415262054423504E-017   8.2476869505899667E-017
   1410.0000000000000        1.6513066125399801E-017   8.3874135055690378E-017
   1415.0000000000000        1.6544349875585036E-017   8.4825974212951601E-017
   1420.0000000000000        1.6494883151465408E-017   8.5325158963200193E-017
   1425.0000000000000        1.6374717410681599E-017   8.5378917320919260E-017
   1430.0000000000000        1.6170356594940703E-017   8.5005319322316977E-017
   1435.0000000000000        1.5895748513440852E-017   8.4093685995618715E-017
   1440.0000000000000        1.5561046973637257E-017   8.2738885030917030E-017
   1445.0000000000000        1.5141943894595686E-017   8.0955824208083603E-017
   1450.0000000000000        1.4648547202820037E-017   7.8755797299748450E-017
   1455.0000000000000        1.4080978659296522E-017   7.6178106634664178E-017
   1460.0000000000000        1.3429610322857970E-017   7.3246695010806493E-017
   1465.0000000000000        1.2689642340136611E-017   6.9953430911881773E-017
   1470.0000000000000        1.1892753743359766E-017   6.6330388652159420E-017
   1475.0000000000000        1.1053965250125405E-017   6.2403769784141057E-017
   1480.0000000000000        1.0178697871295963E-017   5.8183964578646481E-017
   1485.0000000000000        9.2711303027445646E-018   5.3722698514321243E-017
   1490.0000000000000        8.2978329774862317E-018   4.9033298242868838E-017
   1495.0000000000000        7.2983340997261604E-018   4.4120507148793896E-017
   1500.0000000000000        6.2439474869840018E-018   3.9038309465268094E-017
   1505.0000000000000        5.1827846106638119E-018   3.3777218423282174E-017
   1510.0000000000000        4.0744137647499828E-018   2.8418323310319988E-017
   1515.0000000000000        2.9371308609032117E-018   2.2952814983730077E-017
   1520.0000000000000        1.7919423162154011E-018   1.7496115799791585E-017
   1525.0000000000000        6.2416622626747147E-019   1.1997290843942969E-017
   1530.0000000000000       -5.4406161458565979E-019   6.4906731849796129E-018
   1535.0000000000000       -1.7217762244480395E-018   9.7897332833273436E-019
   1540.0000000000000       -2.9121398596560839E-018  -4.4976028954346712E-018
   1545.0000000000000       -4.1070210039161524E-018  -9.8852124253087956E-018
   1550.0000000000000       -5.3014503972710194E-018  -1.5146232881215770E-017
   1555.0000000000000       -6.4760027507969843E-018  -2.0261740135392345E-017
   1560.0000000000000       -7.6211912954848007E-018  -2.5236534041206302E-017
   1565.0000000000000       -8.6782884136581783E-018  -3.0053666881104657E-017
   1570.0000000000000       -9.7295127700639222E-018  -3.4667794157977753E-017
   1575.0000000000000       -1.0786384012784691E-017  -3.9107602054305892E-017
   1580.0000000000000       -1.1829476852896787E-017  -4.3340959786956580E-017
   1585.0000000000000       -1.2810905694448766E-017  -4.7349345568816552E-017
   1590.0000000000000       -1.3696789219550461E-017  -5.1104524968310594E-017
   1595.0000000000000       -1.4489386182727913E-017  -5.4580296432937053E-017
   1600.0000000000000       -1.5190277712149272E-017  -5.7770561325475633E-017
   1605.0000000000000       -1.5759032101798932E-017  -6.0645955837088235E-017
   1610.0000000000000       -1.6225239035967719E-017  -6.3188184056114138E-017
   1615.0000000000000       -1.6612615437178641E-017  -6.5393857850764336E-017
   1620.0000000000000       -1.6920257803621431E-017  -6.7254619829292585E-017
   1625.0000000000000       -1.7151328391632419E-017  -6.8759627969974066E-017
   1630.0000000000000       -1.7321073794262191E-017  -6.9906623518282700E-017
   1635.0000000000000       -1.7409278158502947E-017  -7.0697639353291942E-017
   1640.0000000000000       -1.7415941484354679E-017  -7.1190725466320231E-017
   1645.0000000000000       -1.7316161003168133E-017  -7.1314053463440462E-017
   1650.0000000000000       -1.7113748363205933E-017  -7.1063105835600567E-017
   1655.0000000000000       -1.6811301132172998E-017  -7.0451660985409310E-017
   1660.0000000000000       -1.6436557874439928E-017  -6.9501402956316260E-017
   1665.0000000000000       -1.5974755511596886E-017  -6.8233112289960825E-017
   1670.0000000000000       -1.5435534337374793E-017  -6.6627815448324465E-017
   1675.0000000000000       -1.4815280344532057E-017  -6.4687319435027987E-017
   1680.0000000000000       -1.4107104331764309E-017  -6.2421788645438481E-017
   1685.0000000000000       -1.3340708921088622E-017  -5.9874817041907937E-017
   1690.0000000000000       -1.2523152720398769E-017  -5.7066507539717849E-017
   1695.0000000000000       -1.1634332814413254E-017  -5.3917577855005269E-017
   1700.0000000000000       -1.0676620895384380E-017  -5.0499404630792139E-017
   1705.0000000000000       -9.6651506186364374E-018  -4.6855355953977810E-017
   1710.0000000000000       -8.6037618668636389E-018  -4.3017506138831706E-017
   1715.0000000000000       -7.5353709760602019E-018  -3.9014541367834212E-017
   1720.0000000000000       -6.4633660780151475E-018  -3.4872211442581780E-017
   1725.0000000000000       -5.3188551596851401E-018  -3.0576737960465775E-017
   1730.0000000000000       -4.1664386005140967E-018  -2.6147885023588798E-017
   1735.0000000000000       -3.0056646495968108E-018  -2.1610160118558060E-017
   1740.0000000000000       -1.7807420701407885E-018  -1.6997783376442641E-017
   1745.0000000000000       -5.4407396714951149E-019  -1.2324533199851201E-017
   1750.0000000000000        6.8604374771633374E-019  -7.6518477118912781E-018
   1755.0000000000000        1.9053194408573229E-018  -2.9610357188601103E-018
   1760.0000000000000        3.0916173179185453E-018   1.7080075274266199E-018
   1765.0000000000000        4.2720424332121370E-018   6.3568702137450151E-018
   1770.0000000000000        5.4280729996248062E-018   1.0930691957218589E-017
   1775.0000000000000        6.5506739990525046E-018   1.5383332402697635E-017
   1780.0000000000000        7.6371349260640215E-018   1.9720197561502799E-017
   1785.0000000000000        8.7062034432252613E-018   2.3922384481694542E-017
   1790.0000000000000        9.7124785845633778E-018   2.8011520737859404E-017
   1795.0000000000000        1.0676740891717662E-017   3.1929330463226278E-017
   1800.0000000000000        1.1579339200311820E-017   3.5658082434765989E-017
   1805.0000000000000        1.2415756001293876E-017   3.9161636580062403E-017
   1810.0000000000000        1.3182829038327391E-017   4.2424520430612243E-017
   1815.0000000000000        1.3877847805981124E-017   4.5456446630877442E-017
   1820.0000000000000        1.4495391293392711E-017   4.8233133569703325E-017
   1825.0000000000000        1.5020325845237761E-017   5.0737188837239653E-017
   1830.0000000000000        1.5455136091494979E-017   5.2948283642752280E-017
   1835.0000000000000        1.5811567555699554E-017   5.4863933356262598E-017
   1840.0000000000000        1.6077535901137411E-017   5.6479394593265973E-017
   1845.0000000000000        1.6275628673068594E-017   5.7785858211111038E-017
   1850.0000000000000        1.6403022428335645E-017   5.8780387828913885E-017
   1855.0000000000000        1.6445204669108911E-017   5.9477439475641050E-017
   1860.0000000000000        1.6403248303788240E-017   5.9865945254115039E-017
   1865.0000000000000        1.6280343823141642E-017   5.9904344081057192E-017
   1870.0000000000000        1.6067060927023000E-017   5.9600541597308646E-017
   1875.0000000000000        1.5759824430534135E-017   5.8997905889768792E-017
   1880.0000000000000        1.5367495533559695E-017   5.8102987346563080E-017
   1885.0000000000000        1.4890672453118680E-017   5.6916915344954462E-017
   1890.0000000000000        1.4341089242508512E-017   5.5447821401236546E-017
   1895.0000000000000        1.3721964626928756E-017   5.3704514658060922E-017
   1900.0000000000000        1.3053486224955655E-017   5.1706420404351140E-017
   1905.0000000000000        1.2334072908421001E-017   4.9466187665452970E-017
   1910.0000000000000        1.1557174289199361E-017   4.7004145232100448E-017
   1915.0000000000000        1.0721886865480320E-017   4.4331812752376249E-017
   1920.0000000000000        9.8325022708633063E-018   4.1449190226280417E-017
   1925.0000000000000        8.8980555234523646E-018   3.8376154693641815E-017
   1930.0000000000000        7.9121091728483575E-018   3.5116094286249480E-017
   1935.0000000000000        6.9026717751738286E-018   3.1701535069277941E-017
   1940.0000000000000        5.8485110378842693E-018   2.8153370522092826E-017
   1945.0000000000000        4.7656641181143575E-018   2.4489557743175928E-017
   1950.0000000000000        3.6814619456288392E-018   2.0741154607259907E-017
   1955.0000000000000        2.5918387622809071E-018   1.6914372689291274E-017
   1960.0000000000000        1.4249661741433858E-018   1.3064099724252116E-017
   1965.0000000000000        3.1840233185036772E-019   9.1931591552999462E-018
   1970.0000000000000       -7.8454750320103189E-019   5.3339641098830402E-018
   1975.0000000000000       -1.8967582318090799E-018   1.4846793499490184E-018
   1980.0000000000000       -2.9685372544015222E-018  -2.3605396518381777E-018
   1985.0000000000000       -4.0251826216696906E-018  -6.1711070651487934E-018
   1990.0000000000000       -5.0944770142835236E-018  -9.9339168197760381E-018
   1995.0000000000000       -6.1237914517869477E-018  -1.3649765656085928E-017
   2000.0000000000000       -7.1239679559048234E-018  -1.7287405116932672E-017
   2005.0000000000000       -8.0638357141781954E-018  -2.0801293064185565E-017
   2010.0000000000000       -8.9720809090873970E-018  -2.4146508517208551E-017
   2015.0000000000000       -9.8324405080451529E-018  -2.7344791988314480E-017
   2020.0000000000000       -1.0645592137409312E-017  -3.0350516636077940E-017
   2025.0000000000000       -1.1402500779075772E-017  -3.3178138489465399E-017
   2030.0000000000000       -1.2100681803065921E-017  -3.5815347336310094E-017
   2035.0000000000000       -1.2735617700327736E-017  -3.8246896583561431E-017
   2040.0000000000000       -1.3304597965430000E-017  -4.0467139344904406E-017
   2045.0000000000000       -1.3798587580268702E-017  -4.2467266477687563E-017
   2050.0000000000000       -1.4207986838108275E-017  -4.4229320883429093E-017
   2055.0000000000000       -1.4542734258863169E-017  -4.5752624935771222E-017
   2060.0000000000000       -1.4807234413859109E-017  -4.7025884862083902E-017
   2065.0000000000000       -1.5007134189411099E-017  -4.8044809028767676E-017
   2070.0000000000000       -1.5131252750615444E-017  -4.8808719809464775E-017
   2075.0000000000000       -1.5182244134040151E-017  -4.9328233350447414E-017
   2080.0000000000000       -1.5152146229981054E-017  -4.9585957241865313E-017
   2085.0000000000000       -1.5041693133659089E-017  -4.9587764245486115E-017
   2090.0000000000000       -1.4855705874265732E-017  -4.9344948133939884E-017
   2095.0000000000000       -1.4593355947699435E-017  -4.8779356000626621E-017
   2100.0000000000000       -1.4292645134208365E-017  -4.7918092899858434E-017
   2105.0000000000000       -1.3926133977931432E-017  -4.6881098696966591E-017
   2110.0000000000000       -1.3481949900391283E-017  -4.5612582155158540E-017
   2115.0000000000000       -1.2971076095470640E-017  -4.4119319538012345E-017
   2120.0000000000000       -1.2406726277146681E-017  -4.2413733995421112E-017
   2125.0000000000000       -1.1777437266199890E-017  -4.0529706845274957E-017
   2130.0000000000000       -1.1094276959807726E-017  -3.8476950732035728E-017
   2135.0000000000000       -1.0374976580999374E-017  -3.6267888805596519E-017
   2140.0000000000000       -9.6264253310791734E-018  -3.3897777681452712E-017
   2145.0000000000000       -8.8192594012089793E-018  -3.1355549462426804E-017
   2150.0000000000000       -7.9740334575754865E-018  -2.8675537217314191E-017
   2155.0000000000000       -7.0709833980760910E-018  -2.5877956799122698E-017
   2160.0000000000000       -6.1704179685553152E-018  -2.2979184178165897E-017
   2165.0000000000000       -5.2086402913796342E-018  -2.0005759720124409E-017
   2170.0000000000000       -4.2287925779958610E-018  -1.6970106574891298E-017
   2175.0000000000000       -3.2466861100860764E-018  -1.3882219731244166E-017
   2180.0000000000000       -2.2142094162462345E-018  -1.0745713196424629E-017
   2185.0000000000000       -1.1557570453572607E-018  -7.6073431891211407E-018
   2190.0000000000000       -8.8043780911640350E-020  -4.4799846101319649E-018
   2195.0000000000000        9.8373524168080110E-019  -1.3467673865909449E-018
   2200.0000000000000        2.0600317733252628E-018   1.7747184306306031E-018
   2205.0000000000000        3.1042539907003625E-018   4.8633481927585503E-018
   2210.0000000000000        4.0529308916251754E-018   7.9151796672842174E-018
   2215.0000000000000        5.0036406716233971E-018   1.0922852490826364E-017
   2220.0000000000000        5.9299559027406995E-018   1.3851384202663377E-017
   2225.0000000000000        6.7740524691111845E-018   1.6720397732740005E-017
   2230.0000000000000        7.5844935930440939E-018   1.9465066826159692E-017
   2235.0000000000000        8.3635380290654400E-018   2.2071669549176934E-017
   2240.0000000000000        9.0533616613093434E-018   2.4534389608887237E-017
   2245.0000000000000        9.7255670082503565E-018   2.6835721657714031E-017
   2250.0000000000000        1.0360841718691088E-017   2.8969115307531857E-017
   2255.0000000000000        1.0955232972211004E-017   3.0932198866088416E-017
   2260.0000000000000        1.1491235421233509E-017   3.2714469124837769E-017
   2265.0000000000000        1.1966703248958936E-017   3.4306100501591743E-017
   2270.0000000000000        1.2381523517660947E-017   3.5703478989108759E-017
   2275.0000000000000        1.2745295934075091E-017   3.6904232895136454E-017
   2280.0000000000000        1.3042209216519295E-017   3.7903957648349145E-017
   2285.0000000000000        1.3273053929077667E-017   3.8698361615147349E-017
   2290.0000000000000        1.3438168884929103E-017   3.9282249660121352E-017
   2295.0000000000000        1.3539191681104962E-017   3.9657202911439210E-017
   2300.0000000000000        1.3570927182195422E-017   3.9823673120006274E-017
   2305.0000000000000        1.3529817849822013E-017   3.9787533047590104E-017
   2310.0000000000000        1.3438262411483688E-017   3.9547879192380299E-017
   2315.0000000000000        1.3296564387319887E-017   3.9103356301661271E-017
   2320.0000000000000        1.3086881381227081E-017   3.8462095891726598E-017
   2325.0000000000000        1.2815915541400432E-017   3.7599477538242804E-017
   2330.0000000000000        1.2469592003699713E-017   3.6533119526512814E-017
   2335.0000000000000        1.2067759573522270E-017   3.5299613679857931E-017
   2340.0000000000000        1.1633401078170265E-017   3.3899863500088649E-017
   2345.0000000000000        1.1144324254425626E-017   3.2345388635287554E-017
   2350.0000000000000        1.0607870054497899E-017   3.0629751635055549E-017
   2355.0000000000000        1.0021384441819020E-017   2.8789544322714001E-017
   2360.0000000000000        9.3857709181993967E-018   2.6810310669296461E-017
   2365.0000000000000        8.7130008826268766E-018   2.4731353003555523E-017
   2370.0000000000000        7.9944910679026229E-018   2.2541829303766288E-017
   2375.0000000000000        7.2295638476688386E-018   2.0271668067398464E-017
   2380.0000000000000        6.4391127012911311E-018   1.7919401104010122E-017
   2385.0000000000000        5.6395135990830693E-018   1.5491352926274099E-017
   2390.0000000000000        4.8093083730475552E-018   1.3024284764101216E-017
   2395.0000000000000        3.9753762020441272E-018   1.0515599049786568E-017
   2400.0000000000000        3.1057557095297123E-018   7.9835916949908527E-018
   2405.0000000000000        2.1909601264950657E-018   5.4314531904820710E-018
   2410.0000000000000        1.2820373052280517E-018   2.8828157554886055E-018
   2415.0000000000000        3.9321739924254033E-019   3.4657323595662711E-019
   2420.0000000000000       -4.9582838219557357E-019  -2.1834868253863791E-018
   2425.0000000000000       -1.3957161853585411E-018  -4.6808011223841274E-018
   2430.0000000000000       -2.3003473730261335E-018  -7.1562266763032439E-018
   2435.0000000000000       -3.1482838220908376E-018  -9.5780068102295875E-018
   2440.0000000000000       -3.9860558757884901E-018  -1.1922932821408391E-017
   2445.0000000000000       -4.8370416434633107E-018  -1.4181461471967255E-017
   2450.0000000000000       -5.6555013459635704E-018  -1.6340661392244766E-017
   2455.0000000000000       -6.4047302222415715E-018  -1.8391158750957969E-017
   2460.0000000000000       -7.1177060883770845E-018  -2.0328266632465414E-017
   2465.0000000000000       -7.7909278748548064E-018  -2.2146225212725746E-017
   2470.0000000000000       -8.4188616330859903E-018  -2.3851133128959198E-017
   2475.0000000000000       -8.9943922863137188E-018  -2.5428647289925621E-017
   2480.0000000000000       -9.5254254753790079E-018  -2.6855502524007058E-017
   2485.0000000000000       -9.9971663581365007E-018  -2.8130117703035341E-017
   2490.0000000000000       -1.0417746450879836E-017  -2.9242780182548564E-017
   2495.0000000000000       -1.0788351599735171E-017  -3.0191795896652265E-017
   2500.0000000000000       -1.1110054713102355E-017  -3.0974341402188946E-017
   2505.0000000000000       -1.1387147424580817E-017  -3.1592449578231981E-017
   2510.0000000000000       -1.1607150115414340E-017  -3.2041151164824169E-017
   2515.0000000000000       -1.1770966287413326E-017  -3.2322591978765200E-017
   2520.0000000000000       -1.1873414922383731E-017  -3.2437110833233986E-017
   2525.0000000000000       -1.1912967831716562E-017  -3.2387644109114327E-017
   2530.0000000000000       -1.1893470192061946E-017  -3.2176676436384832E-017
   2535.0000000000000       -1.1812995003464897E-017  -3.1804546628224428E-017
   2540.0000000000000       -1.1662025497832605E-017  -3.1269334743286022E-017
   2545.0000000000000       -1.1451396638282033E-017  -3.0575784166074198E-017
   2550.0000000000000       -1.1178030871771505E-017  -2.9729428845177679E-017
   2555.0000000000000       -1.0854803099099253E-017  -2.8726993586533789E-017
   2560.0000000000000       -1.0502324455315174E-017  -2.7581917979572274E-017
   2565.0000000000000       -1.0091118193854784E-017  -2.6287199885262495E-017
   2570.0000000000000       -9.6271700142120317E-018  -2.4862603405707055E-017
   2575.0000000000000       -9.1172561799649444E-018  -2.3327440892103372E-017
   2580.0000000000000       -8.5560686179773803E-018  -2.1684874600787817E-017
   2585.0000000000000       -7.9500447786485078E-018  -1.9942132546243693E-017
   2590.0000000000000       -7.3057350501037372E-018  -1.8109040310659064E-017
   2595.0000000000000       -6.6330779522575153E-018  -1.6221625028723872E-017
   2600.0000000000000       -5.9276689137841330E-018  -1.4286098275384644E-017
   2605.0000000000000       -5.2240668789315545E-018  -1.2286366424643550E-017
   2610.0000000000000       -4.4838730207575957E-018  -1.0243210018139879E-017
   2615.0000000000000       -3.7335147672165907E-018  -8.1632359128622125E-018
   2620.0000000000000       -2.9612465947732709E-018  -6.0625377348083913E-018
   2625.0000000000000       -2.1854773528146291E-018  -3.9496140478825383E-018
   2630.0000000000000       -1.3993178400363358E-018  -1.8231378338006135E-018
   2635.0000000000000       -5.9418478923954796E-019   3.0164960834271953E-019
   2640.0000000000000        1.9445935351735599E-019   2.3830619049787378E-018
   2645.0000000000000        9.6684046368697705E-019   4.4348015786812514E-018
   2650.0000000000000        1.7405768265722066E-018   6.4424814219107576E-018
   2655.0000000000000        2.5188306985094591E-018   8.3987322480261420E-018
   2660.0000000000000        3.2644455675458428E-018   1.0310372672252794E-017
   2665.0000000000000        3.9956044076157551E-018   1.2176499192780317E-017
   2670.0000000000000        4.6996581933735324E-018   1.3978307678179665E-017
   2675.0000000000000        5.3933217083116557E-018   1.5700720941989704E-017
   2680.0000000000000        6.0607836707480421E-018   1.7331259365454229E-017
   2685.0000000000000        6.6893950553370234E-018   1.8866647754510525E-017
   2690.0000000000000        7.2927083892346885E-018   2.0287065538192837E-017
   2695.0000000000000        7.8493784421702245E-018   2.1590818650606669E-017
   2700.0000000000000        8.3742000562889785E-018   2.2776664776762690E-017
   2705.0000000000000        8.8488208510671418E-018   2.3817724737801387E-017
   2710.0000000000000        9.2737490462730486E-018   2.4718854855953663E-017
   2715.0000000000000        9.6376344004134994E-018   2.5487283145702765E-017
   2720.0000000000000        9.9397992871306760E-018   2.6117249783007370E-017
   2725.0000000000000        1.0191142197012602E-017   2.6612594650561675E-017
   2730.0000000000000        1.0388500873722857E-017   2.6971962495650093E-017
   2735.0000000000000        1.0535785786034594E-017   2.7192755750567718E-017
   2740.0000000000000        1.0630469952321832E-017   2.7274296788956735E-017
   2745.0000000000000        1.0665069042402203E-017   2.7200548453682461E-017
   2750.0000000000000        1.0637928695050597E-017   2.6975463565165419E-017
   2755.0000000000000        1.0545686807094604E-017   2.6594185801174688E-017
   2760.0000000000000        1.0400110077893168E-017   2.6084497842380209E-017
   2765.0000000000000        1.0202073774825108E-017   2.5451594824191798E-017
   2770.0000000000000        9.9535543081006922E-018   2.4688926358484028E-017
   2775.0000000000000        9.6507117950257097E-018   2.3807447404708058E-017
   2780.0000000000000        9.2973296494312104E-018   2.2808739091032085E-017
   2785.0000000000000        8.9108567500306439E-018   2.1693027292908720E-017
   2790.0000000000000        8.4645833245539265E-018   2.0480414925619477E-017
   2795.0000000000000        7.9644950724949818E-018   1.9172031366427331E-017
   2800.0000000000000        7.4205869826314189E-018   1.7778718637057153E-017
   2805.0000000000000        6.8412164467094760E-018   1.6308382378349999E-017
   2810.0000000000000        6.2307880360548727E-018   1.4761643747800491E-017
   2815.0000000000000        5.5928028201829285E-018   1.3149401235996654E-017
   2820.0000000000000        4.9382157585448120E-018   1.1488934315062471E-017
   2825.0000000000000        4.2504250053743247E-018   9.7903509115018419E-018
   2830.0000000000000        3.5526957322893822E-018   8.0478912012734410E-018
   2835.0000000000000        2.8208592658616671E-018   6.2797946271748187E-018
   2840.0000000000000        2.0987354438958001E-018   4.5010536723723650E-018
   2845.0000000000000        1.4041684271472719E-018   2.7103836702294054E-018
   2850.0000000000000        7.0440627498891880E-019   9.1614907110008966E-019
   2855.0000000000000        1.0065133692994124E-020  -8.6231836264648205E-019
   2860.0000000000000       -6.8438894532923109E-019  -2.6068744794193321E-018
   2865.0000000000000       -1.3805370902459660E-018  -4.3219891426671993E-018
   2870.0000000000000       -2.0730712279210824E-018  -5.9997073012937895E-018
   2875.0000000000000       -2.7092494401722118E-018  -7.6332950433684373E-018
   2880.0000000000000       -3.3274705539415510E-018  -9.2176701712076061E-018
   2885.0000000000000       -3.9179089870409528E-018  -1.0731769798856247E-017
   2890.0000000000000       -4.4956983947946853E-018  -1.2172234028956902E-017
   2895.0000000000000       -5.0436722428050667E-018  -1.3528107902058437E-017
   2900.0000000000000       -5.5593459010934795E-018  -1.4814129791443061E-017
   2905.0000000000000       -6.0426064319336272E-018  -1.6009293280018876E-017
   2910.0000000000000       -6.4907433298943038E-018  -1.7103998661050323E-017
   2915.0000000000000       -6.9075964776697208E-018  -1.8100109407021392E-017
   2920.0000000000000       -7.2998292011116152E-018  -1.8994350323869314E-017
   2925.0000000000000       -7.6513478742221545E-018  -1.9781639213910617E-017
   2930.0000000000000       -7.9617007460961267E-018  -2.0456668004009139E-017
   2935.0000000000000       -8.2316219119544981E-018  -2.1021243697785708E-017
   2940.0000000000000       -8.4657418185755880E-018  -2.1469945284377893E-017
   2945.0000000000000       -8.6536701951397406E-018  -2.1802095137427883E-017
   2950.0000000000000       -8.7832662360696486E-018  -2.2024017769608504E-017
   2955.0000000000000       -8.8686330399370925E-018  -2.2127468726899827E-017
   2960.0000000000000       -8.9075189108239583E-018  -2.2112560947028172E-017
   2965.0000000000000       -8.9050497215501104E-018  -2.1964273712395513E-017
   2970.0000000000000       -8.8577429314459605E-018  -2.1684075213443801E-017
   2975.0000000000000       -8.7727008235416229E-018  -2.1294891808612024E-017
   2980.0000000000000       -8.6540315076312998E-018  -2.0800676318320703E-017
   2985.0000000000000       -8.4882671598536326E-018  -2.0204365123453669E-017
   2990.0000000000000       -8.2785700365450484E-018  -1.9516913183462095E-017
   2995.0000000000000       -8.0201120499061987E-018  -1.8733238300662413E-017
   3000.0000000000000       -7.7177777565995583E-018  -1.7858083859559272E-017
   3005.0000000000000       -7.3769316986244281E-018  -1.6897209684193984E-017
   3010.0000000000000       -6.9955974657705507E-018  -1.5869476374858758E-017
   3015.0000000000000       -6.5792525377634812E-018  -1.4766413602081079E-017
   3020.0000000000000       -6.1411670974435588E-018  -1.3589376618576499E-017
   3025.0000000000000       -5.6791388591479112E-018  -1.2348812164027856E-017
   3030.0000000000000       -5.1865044970248082E-018  -1.1046244897740183E-017
   3035.0000000000000       -4.6718472782730904E-018  -9.6887334276072868E-018
   3040.0000000000000       -4.1428469682812020E-018  -8.2959289180054682E-018
   3045.0000000000000       -3.5866286662508833E-018  -6.8811580206381741E-018
   3050.0000000000000       -3.0239729138214281E-018  -5.4475265229786891E-018
   3055.0000000000000       -2.4386166784055548E-018  -3.9940462199218937E-018
   3060.0000000000000       -1.8426442967174280E-018  -2.5370366129181994E-018
   3065.0000000000000       -1.2438484718717867E-018  -1.0739424859100623E-018
   3070.0000000000000       -6.3917988525851606E-019   3.5644646374820815E-019
   3075.0000000000000       -3.0332602772125360E-020   1.7712279490273320E-018
   3080.0000000000000        5.7964405697727122E-019   3.1676394072628805E-018
   3085.0000000000000        1.1982039839255122E-018   4.5388163422781463E-018
   3090.0000000000000        1.8166509731474531E-018   5.8766201791715880E-018
   3095.0000000000000        2.4337427096537875E-018   7.1785098191014468E-018
   3100.0000000000000        3.0285857140789069E-018   8.4362125736162076E-018
   3105.0000000000000        3.6120220081476687E-018   9.6463403109268539E-018
   3110.0000000000000        4.1738871964930226E-018   1.0802709690518424E-017
   3115.0000000000000        4.7217481067771050E-018   1.1886573049825030E-017
   3120.0000000000000        5.2404710836756343E-018   1.2895445758868057E-017
   3125.0000000000000        5.7332183835250354E-018   1.3834635890783625E-017
   3130.0000000000000        6.1969406877151901E-018   1.4700303562877526E-017
   3135.0000000000000        6.6255393590258684E-018   1.5489681800855387E-017
   3140.0000000000000        7.0167556429310501E-018   1.6195090839328756E-017
   3145.0000000000000        7.3697425064834770E-018   1.6818620026234229E-017
   3150.0000000000000        7.6766790121368650E-018   1.7353267222541135E-017
   3155.0000000000000        7.9405862440697321E-018   1.7802985248670025E-017
   3160.0000000000000        8.1636947223765145E-018   1.8160094339232424E-017
   3165.0000000000000        8.3374211798583687E-018   1.8422335739702361E-017
   3170.0000000000000        8.4642361292781224E-018   1.8597276277741949E-017
   3175.0000000000000        8.5443089772252270E-018   1.8682431323372593E-017
   3180.0000000000000        8.5809744747665061E-018   1.8667636481227211E-017
   3185.0000000000000        8.5737429309793191E-018   1.8556392820821154E-017
   3190.0000000000000        8.5266973093672339E-018   1.8352314349396014E-017
   3195.0000000000000        8.4312931650748216E-018   1.8059466825098642E-017
   3200.0000000000000        8.2909115712832056E-018   1.7665991786667451E-017
   3205.0000000000000        8.1053831214029391E-018   1.7186909951700420E-017
   3210.0000000000000        7.8784629948335123E-018   1.6622786008829059E-017
   3215.0000000000000        7.6162780632267301E-018   1.5981186785715495E-017
   3220.0000000000000        7.3160331178566461E-018   1.5268662670485171E-017
   3225.0000000000000        6.9783493162179338E-018   1.4481994937938521E-017
   3230.0000000000000        6.6054289439734376E-018   1.3625983441443332E-017
   3235.0000000000000        6.2009424772279314E-018   1.2704863345735852E-017
   3240.0000000000000        5.7672616082337381E-018   1.1725580320983582E-017
   3245.0000000000000        5.3056286519801405E-018   1.0688811993544317E-017
   3250.0000000000000        4.8227634031820368E-018   9.6042710078799140E-018
   3255.0000000000000        4.3227880888493948E-018   8.4811053198207194E-018
   3260.0000000000000        3.8183517343278819E-018   7.3367638080801643E-018
   3265.0000000000000        3.2956759370088249E-018   6.1633690662487819E-018
   3270.0000000000000        2.7681438174588442E-018   4.9634057243051879E-018
   3275.0000000000000        2.2512278441811181E-018   3.7422524414644530E-018
   3280.0000000000000        1.7259544791571482E-018   2.5083301369438584E-018
   3285.0000000000000        1.1822722647461884E-018   1.2690891713752927E-018
   3290.0000000000000        6.4062292940863959E-019   4.6203662041120881E-020
   3295.0000000000000        9.7844216808084047E-020  -1.1654240294469523E-018
   3300.0000000000000       -4.3770648130923497E-019  -2.3574676133337165E-018
   3305.0000000000000       -9.4954025690343351E-019  -3.5151075423461690E-018
   3310.0000000000000       -1.4615999079502341E-018  -4.6407296259524054E-018
   3315.0000000000000       -1.9724737128708777E-018  -5.7290822598794579E-018
   3320.0000000000000       -2.4649386684045253E-018  -6.7711021915916941E-018
   3325.0000000000000       -2.9392771188669258E-018  -7.7598437509216445E-018
   3330.0000000000000       -3.3958278774370006E-018  -8.6950245935535492E-018
   3335.0000000000000       -3.8329533470833610E-018  -9.5706872544250504E-018
   3340.0000000000000       -4.2459666121645558E-018  -1.0391066898272414E-017
   3345.0000000000000       -4.6261149988922883E-018  -1.1144700345876152E-017
   3350.0000000000000       -4.9778595474554223E-018  -1.1826392461826408E-017
   3355.0000000000000       -5.3057177669059906E-018  -1.2436086777260056E-017
   3360.0000000000000       -5.6040992397921045E-018  -1.2970564566977516E-017
   3365.0000000000000       -5.8748956730293019E-018  -1.3427849420768541E-017
   3370.0000000000000       -6.1154247956179500E-018  -1.3806642554780660E-017
   3375.0000000000000       -6.3246984024529147E-018  -1.4109146254676758E-017
   3380.0000000000000       -6.5027164935341899E-018  -1.4343943787655645E-017
   3385.0000000000000       -6.6497755303933241E-018  -1.4504936516497108E-017
   3390.0000000000000       -6.7635108793858958E-018  -1.4586025803980920E-017
   3395.0000000000000       -6.8422752378946917E-018  -1.4590599781896091E-017
   3400.0000000000000       -6.8858910378148867E-018  -1.4519336076600428E-017
   3405.0000000000000       -6.8927661219034349E-018  -1.4371726468325588E-017
   3410.0000000000000       -6.8649410895861332E-018  -1.4150199118187023E-017
   3415.0000000000000       -6.7988866369160828E-018  -1.3851761176437762E-017
   3420.0000000000000       -6.6981179506243966E-018  -1.3482115998255983E-017
   3425.0000000000000       -6.5715994627361784E-018  -1.3043748213620306E-017
   3430.0000000000000       -6.4135995836416774E-018  -1.2539311859098795E-017
   3435.0000000000000       -6.2247959396986949E-018  -1.1969202216733491E-017
   3440.0000000000000       -6.0039462159179296E-018  -1.1337597982397536E-017
   3445.0000000000000       -5.7680193056760284E-018  -1.0650258980132254E-017
   3450.0000000000000       -5.5106906963001718E-018  -9.9117591878527954E-018
   3455.0000000000000       -5.2290240069065422E-018  -9.1345217554522506E-018
   3460.0000000000000       -4.9244309590738978E-018  -8.3136338918365393E-018
   3465.0000000000000       -4.6141345560630727E-018  -7.4550812964995848E-018
   3470.0000000000000       -4.2854293036652501E-018  -6.5719082768291092E-018
   3475.0000000000000       -3.9383716707435956E-018  -5.6864765026326126E-018
   3480.0000000000000       -3.5675971152988038E-018  -4.7865886994696527E-018
   3485.0000000000000       -3.1980648748433275E-018  -3.8669085597725034E-018
   3490.0000000000000       -2.8111966934007166E-018  -2.9387439733870263E-018
   3495.0000000000000       -2.4081219482339709E-018  -1.9983821125610919E-018
   3500.0000000000000       -1.9939793058897667E-018  -1.0489746457192686E-018
   3505.0000000000000       -1.5733992131464300E-018  -9.4339617987606486E-020
   3510.0000000000000       -1.1482451424879216E-018   8.4904200352789014E-019
   3515.0000000000000       -7.1241845669400802E-019   1.7743125606769132E-018
   3520.0000000000000       -2.7546239363708976E-019   2.6809201585547630E-018
   3525.0000000000000        1.6397829939844122E-019   3.5640931782252471E-018
   3530.0000000000000        6.0528246491793145E-019   4.4206693633519464E-018
   3535.0000000000000        1.0444408136377115E-018   5.2475711608931729E-018
   3540.0000000000000        1.4893589863988215E-018   6.0356223805869942E-018
   3545.0000000000000        1.9216281338142651E-018   6.7849924290228736E-018
   3550.0000000000000        2.3458222337992158E-018   7.4922367055486335E-018
   3555.0000000000000        2.7526803927970288E-018   8.1559717230171112E-018
   3560.0000000000000        3.1374592263030790E-018   8.7720470199867395E-018
   3565.0000000000000        3.5083467194741644E-018   9.3394461569208203E-018
   3570.0000000000000        3.8602042057635889E-018   9.8527481229569340E-018
   3575.0000000000000        4.1915634947294772E-018   1.0312404669000267E-017
   3580.0000000000000        4.5006458171825657E-018   1.0714124161451414E-017
   3585.0000000000000        4.7873664698281487E-018   1.1057737193720904E-017
   3590.0000000000000        5.0512737017610142E-018   1.1340928542419595E-017
   3595.0000000000000        5.2907157987340182E-018   1.1566352244115542E-017
   3600.0000000000000        5.5031375446896095E-018   1.1731354262240675E-017
   3605.0000000000000        5.6887718736882828E-018   1.1835539314752961E-017
   3610.0000000000000        5.8433836209937689E-018   1.1879754434599632E-017
   3615.0000000000000        5.9721121148972321E-018   1.1863152588833450E-017
   3620.0000000000000        6.0662280632490257E-018   1.1788952502653978E-017
   3625.0000000000000        6.1338001166162380E-018   1.1655064828124649E-017
   3630.0000000000000        6.1731871486635653E-018   1.1466007074297490E-017
   3635.0000000000000        6.1806551558151899E-018   1.1221271021404141E-017
   3640.0000000000000        6.1622463064282001E-018   1.0919219072413258E-017
   3645.0000000000000        6.1134289742347781E-018   1.0567192179534375E-017
   3650.0000000000000        6.0313514816458367E-018   1.0167449097293489E-017
   3655.0000000000000        5.9154491400298697E-018   9.7194816059222738E-018
   3660.0000000000000        5.7699006452600068E-018   9.2314212217143485E-018
   3665.0000000000000        5.5928707592838611E-018   8.7086324866689983E-018
   3670.0000000000000        5.3862511890169620E-018   8.1450732324291366E-018
   3675.0000000000000        5.1515101249012196E-018   7.5424092904577035E-018
   3680.0000000000000        4.8896075376101916E-018   6.9008947706388737E-018
   3685.0000000000000        4.6030280571224815E-018   6.2314846324238016E-018
   3690.0000000000000        4.2941433756904200E-018   5.5335012494546841E-018
   3695.0000000000000        3.9623888046824808E-018   4.8125350391833978E-018
   3700.0000000000000        3.6097407543089531E-018   4.0712541553937964E-018
   3705.0000000000000        3.2395873563588200E-018   3.3169430814322657E-018
   3710.0000000000000        2.8546955851264708E-018   2.5529899490878248E-018
   3715.0000000000000        2.4573806640010591E-018   1.7819287985943452E-018
   3720.0000000000000        2.0525553840766561E-018   1.0143175427089516E-018
   3725.0000000000000        1.6352504853960387E-018   2.4740200086408774E-019
   3730.0000000000000        1.2117340117688886E-018  -5.1350181287023748E-019
   3735.0000000000000        7.8821753814173841E-019  -1.2689846157421369E-018
   3740.0000000000000        3.6470106451458824E-019  -2.0118325104841578E-018
   3745.0000000000000       -5.8702471386261366E-020  -2.7484970647112234E-018
   3750.0000000000000       -4.8221894501341154E-019  -3.4645928355357956E-018
   3755.0000000000000       -9.0104850299908803E-019  -4.1534847315377147E-018
   3760.0000000000000       -1.3116900758279722E-018  -4.8102176099755510E-018
   3765.0000000000000       -1.7151036341736201E-018  -5.4353561594807993E-018
   3770.0000000000000       -2.1089174857837211E-018  -6.0210512080755756E-018
   3775.0000000000000       -2.4848871766383346E-018  -6.5702109022121149E-018
   3780.0000000000000       -2.8475584502210519E-018  -7.0788824214698909E-018
   3785.0000000000000       -3.1949266618900404E-018  -7.5462752017648132E-018
   3790.0000000000000       -3.5208649399934938E-018  -7.9730668694546832E-018
   3795.0000000000000       -3.8257403321418847E-018  -8.3549657909400675E-018
   3800.0000000000000       -4.1053741424621058E-018  -8.6918025596315317E-018
   3805.0000000000000       -4.3584111182385407E-018  -8.9802455126031957E-018
   3810.0000000000000       -4.5827195598872700E-018  -9.2200687744024678E-018
   3815.0000000000000       -4.7818428885709682E-018  -9.4092394659559287E-018
   3820.0000000000000       -4.9522235659111719E-018  -9.5496775286106896E-018
   3825.0000000000000       -5.0961203464338884E-018  -9.6394630210196439E-018
   3830.0000000000000       -5.2104755294321336E-018  -9.6780877234144357E-018
   3835.0000000000000       -5.2974164028598935E-018  -9.6661163244265796E-018
   3840.0000000000000       -5.3562640168703848E-018  -9.6024194467930556E-018
   3845.0000000000000       -5.3879783421371653E-018  -9.4895946582187853E-018
   3850.0000000000000       -5.3894606497948619E-018  -9.3293360245982741E-018
   3855.0000000000000       -5.3618756101459469E-018  -9.1092768649015967E-018
   3860.0000000000000       -5.3058584979008618E-018  -8.8403721385799388E-018
   3865.0000000000000       -5.2205905145439325E-018  -8.5252758822013329E-018
   3870.0000000000000       -5.1090645098221122E-018  -8.1701432018491863E-018
   3875.0000000000000       -4.9719298756616443E-018  -7.7745223466182739E-018
   3880.0000000000000       -4.8108524435254482E-018  -7.3393732871821676E-018
   3885.0000000000000       -4.6242228508137517E-018  -6.8659948073933134E-018
   3890.0000000000000       -4.4111658301477220E-018  -6.3574926947249820E-018
   3895.0000000000000       -4.1783447073790868E-018  -5.8209537915025330E-018
   3900.0000000000000       -3.9268323909077075E-018  -5.2583262735046513E-018
   3905.0000000000000       -3.6691649683529526E-018  -4.6718688952573496E-018
   3910.0000000000000       -3.3946133557162681E-018  -4.0704755027067940E-018
   3915.0000000000000       -3.1049845566184453E-018  -3.4565883741842433E-018
   3920.0000000000000       -2.8016338237751111E-018  -2.8333697660261057E-018
   3925.0000000000000       -2.4802695235868325E-018  -2.1991114951220846E-018
   3930.0000000000000       -2.1508866448312117E-018  -1.5553593966009235E-018
   3935.0000000000000       -1.8129769677398953E-018  -9.0542748686875375E-019
   3940.0000000000000       -1.4690251222914980E-018  -2.5724721480172505E-019
   3945.0000000000000       -1.1134406910341410E-018   3.8485052249433074E-019
   3950.0000000000000       -7.7293344623791228E-019   1.0228286797583760E-018
   3955.0000000000000       -4.3412026733619214E-019   1.6449884967324464E-018
   3960.0000000000000       -9.5307088434472006E-020   2.2509417499823863E-018
   3965.0000000000000        2.4344962160409785E-019   2.8374555970928376E-018
   3970.0000000000000        5.8226280050581803E-019   3.4068311442371804E-018
   3975.0000000000000        9.2107597940753817E-019   3.9598307210679365E-018
   3980.0000000000000        1.2495553563527541E-018   4.4901298149122826E-018
   3985.0000000000000        1.5771594659191425E-018   4.9860111366665268E-018
   3990.0000000000000        1.8928768797923967E-018   5.4503828327829111E-018
   3995.0000000000000        2.1961429093410106E-018   5.8816920095248007E-018
   4000.0000000000000        2.4864493347966354E-018   6.2782446009976892E-018
   4005.0000000000000        2.7634855774119411E-018   6.6405488269699280E-018
   4010.0000000000000        3.0258963844713231E-018   6.9597390759269187E-018
   4015.0000000000000        3.2653525986601175E-018   7.2377917580789255E-018
   4020.0000000000000        3.4852423517673357E-018   7.4769373935203994E-018
   4025.0000000000000        3.6875985228663901E-018   7.6772889199776069E-018
   4030.0000000000000        3.8705999911206834E-018   7.8342723595354152E-018
   4035.0000000000000        4.0337667711934367E-018   7.9548898512244165E-018
   4040.0000000000000        4.1745083539876328E-018   8.0490234460959427E-018
   4045.0000000000000        4.2889954447208909E-018   8.1012006756468157E-018
   4050.0000000000000        4.3802129522063003E-018   8.1115909464664605E-018
   4055.0000000000000        4.4476985376268115E-018   8.0772578776710912E-018
   4060.0000000000000        4.4925101098405105E-018   8.0040742310283123E-018
   4065.0000000000000        4.5145612009007001E-018   7.8852072740969552E-018
   4070.0000000000000        4.5155635232216177E-018   7.7190758787088088E-018
   4075.0000000000000        4.4916066080301075E-018   7.5153926893257335E-018
   4080.0000000000000        4.4443421695733181E-018   7.2752870832107033E-018
   4085.0000000000000        4.3745748891511365E-018   7.0024295364685197E-018
   4090.0000000000000        4.2819377191530950E-018   6.6973282688675193E-018
   4095.0000000000000        4.1654142200424746E-018   6.3597856393866806E-018
   4100.0000000000000        4.0273760840716038E-018   5.9921168714151648E-018
   4105.0000000000000        3.8677950768088923E-018   5.5953666389212493E-018
   4110.0000000000000        3.6887887806224838E-018   5.1735159967570338E-018
   4115.0000000000000        3.4895948658598495E-018   4.7307718752272104E-018
   4120.0000000000000        3.2733755888574028E-018   4.2653272707109731E-018
   4125.0000000000000        3.0415709056254761E-018   3.7820949743023994E-018
   4130.0000000000000        2.7937855341220185E-018   3.2831784511538303E-018
   4135.0000000000000        2.5429508440084466E-018   2.7683659430284518E-018
   4140.0000000000000        2.2886150843795533E-018   2.2422173106256561E-018
   4145.0000000000000        2.0208962041840418E-018   1.7068713121372582E-018
   4150.0000000000000        1.7488856903891090E-018   1.1658643101180425E-018
   4155.0000000000000        1.4668801878165774E-018   6.2507965424748075E-019
   4160.0000000000000        1.1844794032019936E-018   8.6315635177264493E-020
   4165.0000000000000        8.9710935863018449E-019  -4.4744747049095334E-019
   4170.0000000000000        5.9607384917600550E-019  -9.7452078052783464E-019
   4175.0000000000000        2.9498187085867651E-019  -1.4881897941744183E-018
   4180.0000000000000       -5.7148254165999956E-021  -1.9894215407121525E-018
   4185.0000000000000       -2.9847764641926135E-019  -2.4855569723505708E-018
   4190.0000000000000       -5.9013932459049170E-019  -2.9608553934865333E-018
   4195.0000000000000       -8.7412123737328364E-019  -3.4206954633351049E-018
   4200.0000000000000       -1.1521456850937206E-018  -3.8568891967394937E-018
   4205.0000000000000       -1.4221233198152405E-018  -4.2676154728631067E-018
   4210.0000000000000       -1.6831506397274405E-018  -4.6514061012640290E-018
   4215.0000000000000       -1.9334771100726643E-018  -5.0061717340057018E-018
   4220.0000000000000       -2.1718886502931717E-018  -5.3315453234776567E-018
   4225.0000000000000       -2.4007851870728620E-018  -5.6272727597957079E-018
   4230.0000000000000       -2.6206043541011419E-018  -5.8918011492232299E-018
   4235.0000000000000       -2.8260663126734603E-018  -6.1242269899498135E-018
   4240.0000000000000       -3.0156746379163362E-018  -6.3234209047124516E-018
   4245.0000000000000       -3.1884270075088490E-018  -6.4896087689637459E-018
   4250.0000000000000       -3.3411117548593299E-018  -6.6209835790828875E-018
   4255.0000000000000       -3.4754229458622852E-018  -6.7184770713118593E-018
   4260.0000000000000       -3.5893665237877221E-018  -6.7813269159981305E-018
   4265.0000000000000       -3.6862278294472060E-018  -6.8103236772258029E-018
   4270.0000000000000       -3.7637042125968844E-018  -6.8052697139738534E-018
   4275.0000000000000       -3.8196754438906582E-018  -6.7661650262422804E-018
   4280.0000000000000       -3.8576860473986957E-018  -6.6930096140310846E-018
   4285.0000000000000       -3.8749514023068958E-018  -6.5873563710768973E-018
   4290.0000000000000       -3.8741749554385791E-018  -6.4497982204428008E-018
   4295.0000000000000       -3.8527450218730451E-018  -6.2814927738233737E-018
   4300.0000000000000       -3.8135132791993827E-018  -6.0845293791551726E-018
   4305.0000000000000       -3.7578349801332014E-018  -5.8595574283644294E-018
   4310.0000000000000       -3.6803314654594314E-018  -5.6038099471567848E-018
   4315.0000000000000       -3.5823015190305304E-018  -5.3236396826366353E-018
   4320.0000000000000       -3.4644792360674561E-018  -5.0189336970776942E-018
   4325.0000000000000       -3.3283045725805411E-018  -4.6926566057953317E-018
   4330.0000000000000       -3.1755845321905922E-018  -4.3528269873569081E-018
   4335.0000000000000       -3.0116554224653073E-018  -3.9955626074208307E-018
   4340.0000000000000       -2.8313221079948663E-018  -3.6195082132714976E-018
   4345.0000000000000       -2.6357422004738502E-018  -3.2279248817558352E-018
   4350.0000000000000       -2.4261862493231342E-018  -2.8208973161685688E-018
   4355.0000000000000       -2.2054212288370885E-018  -2.3997595934016233E-018
   4360.0000000000000       -1.9729389192473578E-018  -1.9703280063594789E-018
   4365.0000000000000       -1.7305463241747562E-018  -1.5339754542774789E-018
   4370.0000000000000       -1.4807280735978872E-018  -1.0953094434582914E-018
   4375.0000000000000       -1.2233994642220312E-018  -6.5538666956176384E-019
   4380.0000000000000       -9.6194862783620495E-019  -2.2000291141318626E-019
   4385.0000000000000       -6.9569793808260376E-019   2.1108744848399603E-019
   4390.0000000000000       -4.2749907255031718E-019   6.4333542007576003E-019
   4395.0000000000000       -1.5867904952337753E-019   1.0712917580681005E-018
   4400.0000000000000        1.1124211633499286E-019   1.4909259973536682E-018
   4405.0000000000000        3.8068329685658557E-019   1.8988570647513407E-018
   4410.0000000000000        6.4329174493699409E-019   2.2901439347354626E-018
   4415.0000000000000        9.0208854475475892E-019   2.6716193397472233E-018
   4420.0000000000000        1.1553513959837947E-018   3.0386528330082984E-018
   4425.0000000000000        1.4021203279505454E-018   3.3866139677403659E-018
   4430.0000000000000        1.6383578169397694E-018   3.7142180773067551E-018
   4435.0000000000000        1.8640356285198893E-018   4.0207028320549374E-018
   4440.0000000000000        2.0779255649173863E-018   4.3019460049749406E-018
   4445.0000000000000        2.2775571133694343E-018   4.5588510978771662E-018
   4450.0000000000000        2.4664878122545061E-018   4.7897240448671133E-018
   4455.0000000000000        2.6424871414781625E-018   4.9943389704921770E-018
   4460.0000000000000        2.8044680754247609E-018   5.1709453399946994E-018
   4465.0000000000000        2.9499883357630498E-018   5.3206160617745341E-018
   4470.0000000000000        3.0795067320061250E-018   5.4406688648320477E-018
   4475.0000000000000        3.1928362110448033E-018   5.5314425623461284E-018
   4480.0000000000000        3.2870650971228966E-018   5.5931347953378195E-018
   4485.0000000000000        3.3638795152010356E-018   5.6271290509542942E-018
   4490.0000000000000        3.4220971484570079E-018   5.6326629995430204E-018
   4495.0000000000000        3.4661569789300189E-018   5.6102730953039301E-018
   4500.0000000000000        3.4923302970001746E-018   5.5605804957316791E-018
   4505.0000000000000        3.4992547913439794E-018   5.4837263729841357E-018
   4510.0000000000000        3.4890198098979910E-018   5.3788354596824776E-018
   4515.0000000000000        3.4604889167913082E-018   5.2487876678473685E-018
   4520.0000000000000        3.4110927787505973E-018   5.0927077300999771E-018
   4525.0000000000000        3.3440783554069937E-018   4.9154519686712289E-018
   4530.0000000000000        3.2703864889958691E-018   4.7179521198031018E-018
   4535.0000000000000        3.1783704764924779E-018   4.4961424253487740E-018
   4540.0000000000000        3.0685667720967440E-018   4.2542580500445179E-018
   4545.0000000000000        2.9418224087559260E-018   3.9955318363056905E-018
   4550.0000000000000        2.7993514670277532E-018   3.7201473079375275E-018
   4555.0000000000000        2.6414645256595488E-018   3.4241657617353005E-018
   4560.0000000000000        2.4686980388512490E-018   3.1089000987672505E-018
   4565.0000000000000        2.2847507171391910E-018   2.7814653957903143E-018
   4570.0000000000000        2.0876461503131197E-018   2.4414734293703318E-018
   4575.0000000000000        1.8804336569831386E-018   2.0927429063778416E-018
   4580.0000000000000        1.6651178817910963E-018   1.7347373726129190E-018
   4585.0000000000000        1.4422070445053402E-018   1.3697155826015715E-018
   4590.0000000000000        1.2121528960310701E-018   1.0039323452636822E-018
   4595.0000000000000        9.7936000769401294E-019   6.3456035726554468E-019
   4600.0000000000000        7.4224725132596043E-019   2.6644160304079978E-019
   4605.0000000000000        5.0510626052633049E-019  -9.7059056969436330E-020
   4610.0000000000000        2.6793703529512543E-019  -4.5261525379521634E-019
   4615.0000000000000        3.0767810063921305E-020  -7.9990582077737335E-019
   4620.0000000000000       -2.0640141516728264E-019  -1.1376602084950265E-018
   4625.0000000000000       -4.4509529970354494E-019  -1.4656596001034671E-018
   4630.0000000000000       -6.8172807073482122E-019  -1.7812217246030584E-018
   4635.0000000000000       -9.1048343535663255E-019  -2.0867041570303238E-018
   4640.0000000000000       -1.1319543166320589E-018  -2.3770811685648870E-018
   4645.0000000000000       -1.3507711613394188E-018  -2.6499245980912883E-018
   4650.0000000000000       -1.5607506289637609E-018  -2.9058697203199630E-018
   4655.0000000000000       -1.7645185216415692E-018  -3.1443659638351984E-018
   4660.0000000000000       -1.9568938211788077E-018  -3.3636345594477613E-018
   4665.0000000000000       -2.1375659488281505E-018  -3.5619814412631509E-018
   4670.0000000000000       -2.3070148899263738E-018  -3.7397736568918221E-018
   4675.0000000000000       -2.4662923770496515E-018  -3.8959382979339400E-018
   4680.0000000000000       -2.6115726447195525E-018  -4.0286965952002634E-018
   4685.0000000000000       -2.7420510116361828E-018  -4.1407308196904289E-018
   4690.0000000000000       -2.8581862873126421E-018  -4.2285963707522768E-018
   4695.0000000000000       -2.9601214085587772E-018  -4.2922932483857977E-018
   4700.0000000000000       -3.0483351475131340E-018  -4.3332049397381813E-018
   4705.0000000000000       -3.1231798831166604E-018  -4.3512749759462713E-018
   4710.0000000000000       -3.1832451069888301E-018  -4.3475480309783550E-018
   4715.0000000000000       -3.2274531682276100E-018  -4.3219676359712714E-018
   4720.0000000000000       -3.2544170503818709E-018  -4.2745620253566099E-018
   4725.0000000000000       -3.2640661673726763E-018  -4.2061499976500332E-018
   4730.0000000000000       -3.2560405301974423E-018  -4.1165621462621074E-018
   4735.0000000000000       -3.2302766113851237E-018  -4.0066737385716462E-018
   4740.0000000000000       -3.1881084878276475E-018  -3.8774165108206420E-018
   4745.0000000000000       -3.1294938078776493E-018  -3.7286492908512111E-018
   4750.0000000000000       -3.0537125935299638E-018  -3.5631672873892935E-018
   4755.0000000000000       -2.9608213136477431E-018  -3.3791493795982948E-018
   4760.0000000000000       -2.8496341221048280E-018  -3.1782896333727248E-018
   4765.0000000000000       -2.7244991213637921E-018  -2.9631432647701325E-018
   4770.0000000000000       -2.5855010147193623E-018  -2.7383689550004178E-018
   4775.0000000000000       -2.4324421611505108E-018  -2.5020185282848952E-018
   4780.0000000000000       -2.2715623700353370E-018  -2.2542896256445848E-018
   4785.0000000000000       -2.1094402639308573E-018  -1.9960363386346430E-018
   4790.0000000000000       -1.9379160921118630E-018  -1.7287762679522288E-018
   4795.0000000000000       -1.7566228069678684E-018  -1.4556434355021852E-018
   4800.0000000000000       -1.5672544743933803E-018  -1.1774248760646700E-018
   4805.0000000000000       -1.3707145961988075E-018  -8.9502409145008623E-019
   4810.0000000000000       -1.1657043885316936E-018  -6.0896242602583983E-019
   4815.0000000000000       -9.5767309668603909E-019  -3.2155664725156795E-019
   4820.0000000000000       -7.4447490386213194E-019  -3.4048959825829776E-020
   4825.0000000000000       -5.3023203706994410E-019   2.5092115806209191E-019
   4830.0000000000000       -3.1313749268866657E-019   5.3100671928751371E-019
   4835.0000000000000       -9.1017219487013916E-020   8.0480306087957252E-019
   4840.0000000000000        1.3031248963053472E-019   1.0699526078017438E-018
   4845.0000000000000        3.4447065312799712E-019   1.3267447629776724E-018
   4850.0000000000000        5.5617242107842212E-019   1.5762524348072137E-018
   4855.0000000000000        7.6328609389788611E-019   1.8188991397639947E-018
   4860.0000000000000        9.6414584012345663E-019   2.0486427094909355E-018
   4865.0000000000000        1.1575516964131875E-018   2.2656243161459124E-018
   4870.0000000000000        1.3445483367353624E-018   2.4694063260395108E-018
   4875.0000000000000        1.5216205743588743E-018   2.6613722263189072E-018
   4880.0000000000000        1.6877660869628065E-018   2.8380350646845767E-018
   4885.0000000000000        1.8423778342682932E-018   2.9978701818314634E-018
   4890.0000000000000        1.9868393034225135E-018   3.1398329037912856E-018
   4895.0000000000000        2.1211363772096841E-018   3.2640926371534917E-018
   4900.0000000000000        2.2449231838430069E-018   3.3733316529177194E-018
   4905.0000000000000        2.3579491427422522E-018   3.4688487349364288E-018
   4910.0000000000000        2.4588025323286646E-018   3.5456746232523994E-018
   4915.0000000000000        2.5487512550451647E-018   3.6031599259393891E-018
   4920.0000000000000        2.6263618620355699E-018   3.6390741229029711E-018
   4925.0000000000000        2.6891322973830334E-018   3.6564947671848345E-018
   4930.0000000000000        2.7365308493898046E-018   3.6561277195743568E-018
   4935.0000000000000        2.7682239988329040E-018   3.6375212291663400E-018
   4940.0000000000000        2.7836894087281883E-018   3.6010705780028288E-018
   4945.0000000000000        2.7817412329495025E-018   3.5484415975467617E-018
   4950.0000000000000        2.7636500209177280E-018   3.4785613793982835E-018
   4955.0000000000000        2.7304886810327217E-018   3.3918957916783803E-018
   4960.0000000000000        2.6822642719023761E-018   3.2884730688186291E-018
   4965.0000000000000        2.6181156433636517E-018   3.1686320239979330E-018
   4970.0000000000000        2.5397086268794764E-018   3.0336290894213844E-018
   4975.0000000000000        2.4473114495498208E-018   2.8841418914467878E-018
   4980.0000000000000        2.3411782212588565E-018   2.7185751846901476E-018
   4985.0000000000000        2.2218030445591519E-018   2.5419264635402646E-018
   4990.0000000000000        2.0901458901242592E-018   2.3545486583918254E-018
   4995.0000000000000        1.9468137982330432E-018   2.1563711831658965E-018
