   0.0000000000000000        0.0000000000000000        0.0000000000000000     
   6.5000000000000000       5.09074723767211600E-003  2.67680369808843197E-009
   13.000000000000000       1.75838289406619296E-002  2.84933642688849201E-007
   19.500000000000000       3.19247591156301483E-002  3.78794001604846053E-006
   26.000000000000000       4.39860422451914326E-002  2.09201394254597771E-005
   32.500000000000000       5.24921817643952196E-002  7.06272344126570098E-005
   39.000000000000000       5.78436577111789488E-002  1.74325705518141002E-004
   45.500000000000000       6.07064298780812320E-002  3.47474900821229040E-004
   52.000000000000000       6.15189599010254884E-002  5.94430279416508227E-004
   58.500000000000000       6.05887868512934163E-002  9.07751123764162591E-004
   65.000000000000000       5.82476339627796269E-002  1.27044329602052884E-003
   71.500000000000000       5.48906745688036296E-002  1.65965250371245322E-003
   78.000000000000000       5.09385190288445533E-002  2.05086178755688534E-003
   84.500000000000000       4.67816139265602240E-002  2.42179258419103439E-003
   91.000000000000000       4.27366476680884552E-002  2.75528778899913201E-003
   97.500000000000000       3.90241718767404336E-002  3.04074263848215813E-003
   104.00000000000000       3.57672202685461113E-002  3.27407240327868242E-003
   110.50000000000000       3.30057843209482782E-002  3.45657343741923246E-003
   117.00000000000000       3.07197808727969410E-002  3.59321731656973451E-003
   123.50000000000000       2.88533749953078754E-002  3.69089763707163444E-003
   130.00000000000000       2.73355066353953222E-002  3.75698980908294742E-003
   136.50000000000000       2.60942094145254003E-002  3.79838110706006782E-003
   143.00000000000000       2.50648007138326925E-002  3.82096010520058824E-003
   149.50000000000000       2.41934465220207603E-002  3.82945872936460907E-003
   156.00000000000000       2.34378016099118756E-002  3.82751371827144693E-003
   162.50000000000000       2.27659969797110694E-002  3.81783284848314503E-003
   169.00000000000000       2.21548465248038867E-002  3.80238802415868837E-003
   175.50000000000000       2.15879026566080899E-002  3.78259327800494751E-003
   182.00000000000000       2.10537501789241493E-002  3.75945166456619810E-003
   188.50000000000000       2.05446682034368562E-002  3.73366955418225500E-003
   195.00000000000000       2.00556180836335418E-002  3.70574286791091386E-003
   201.50000000000000       1.95834699693225311E-002  3.67602111649605696E-003
   208.00000000000000       1.91264038794247138E-002  3.64475446974560227E-003
   214.50000000000000       1.86834499350529808E-002  3.61212793995603285E-003
   221.00000000000000       1.82541456027985396E-002  3.57828572175772439E-003
   227.50000000000000       1.78382908660710063E-002  3.54334796939234382E-003
   234.00000000000000       1.74357828969049396E-002  3.50742179201339642E-003
   240.50000000000000       1.70465129010966832E-002  3.47060791879987441E-003
   247.00000000000000       1.66703095304087563E-002  3.43300424164745543E-003
   253.50000000000000       1.63069153487547802E-002  3.39470722992801788E-003
   260.00000000000000       1.59559851545662719E-002  3.35581200869230784E-003
   266.50000000000000       1.56170973522216615E-002  3.31641169935941371E-003
   273.00000000000000       1.52897718489538210E-002  3.27659644916929388E-003
   279.50000000000000       1.49734899597027595E-002  3.23645243055335763E-003
   286.00000000000000       1.46677134281642026E-002  3.19606097763144512E-003
   292.50000000000000       1.43719009057103400E-002  3.15549794314205941E-003
   299.00000000000000       1.40855211233851443E-002  3.11483330119015052E-003
   305.50000000000000       1.38080626114079046E-002  3.07413098411876652E-003
   312.00000000000000       1.35390402165073125E-002  3.03344892058202923E-003
   318.50000000000000       1.32779988834196300E-002  2.99283923218186332E-003
   325.00000000000000       1.30245152503682075E-002  2.95234854426672634E-003
   331.50000000000000       1.27781976061350812E-002  2.91201836982258287E-003
   338.00000000000000       1.25386847048490607E-002  2.87188553157466083E-003
   344.50000000000000       1.23056438577649318E-002  2.83198259477186005E-003
   351.00000000000000       1.20787686348854863E-002  2.79233829046044921E-003
   357.50000000000000       1.18577764245809177E-002  2.75297791563777761E-003
   364.00000000000000       1.16424060239794531E-002  2.71392370214416662E-003
   370.50000000000000       1.14324153706950819E-002  2.67519515039951966E-003
   377.00000000000000       1.12275794782238768E-002  2.63680932718596142E-003
   383.50000000000000       1.10276886020013350E-002  2.59878112877432767E-003
   390.00000000000000       1.08325466387344180E-002  2.56112351198228057E-003
   396.50000000000000       1.06419697460381057E-002  2.52384769642688455E-003
   403.00000000000000       1.04557851605390495E-002  2.48696334146727028E-003
   409.50000000000000       1.02738301886209360E-002  2.45047870126783706E-003
   416.00000000000000       1.00959513433445669E-002  2.41440076116286508E-003
   422.50000000000000       9.92200360256411361E-003  2.37873535815473231E-003
   429.00000000000000       9.75184976595914674E-003  2.34348728799104854E-003
   435.50000000000000       9.58535989194483733E-003  2.30866040088172509E-003
   442.00000000000000       9.42241079875481141E-003  2.27425768756073232E-003
   448.50000000000000       9.26288561712273507E-003  2.24028135708290860E-003
   455.00000000000000       9.10667338475536908E-003  2.20673290747911083E-003
   461.50000000000000       8.95366867511984167E-003  2.17361319017331375E-003
   468.00000000000000       8.80377125495189136E-003  2.14092246888931102E-003
   474.50000000000000       8.65688576635983628E-003  2.10866047363697648E-003
   481.00000000000000       8.51292143050281711E-003  2.07682645026245616E-003
   487.50000000000000       8.37179177062300287E-003  2.04541920596685353E-003
   494.00000000000000       8.23341435277099784E-003  2.01443715113827464E-003
   500.50000000000000       8.09771054293942187E-003  1.98387833779762723E-003
   507.00000000000000       7.96460527956104059E-003  1.95374049492505258E-003
   513.50000000000000       7.83402686047509136E-003  1.92402106090823520E-003
   520.00000000000000       7.70590674355121560E-003  1.89471721333357734E-003
   526.50000000000000       7.58017936020813354E-003  1.86582589632448489E-003
   533.00000000000000       7.45678194109113211E-003  1.83734384561652967E-003
   539.50000000000000       7.33565435319025530E-003  1.80926761154632880E-003
   546.00000000000000       7.21673894769694381E-003  1.78159358011889426E-003
   552.50000000000000       7.09998041791480659E-003  1.75431799230679883E-003
   559.00000000000000       6.98532566656222959E-003  1.72743696172362928E-003
   565.50000000000000       6.87272368183081128E-003  1.70094649080371370E-003
   572.00000000000000       6.76212542159391247E-003  1.67484248561012346E-003
   578.50000000000000       6.65348370519260827E-003  1.64912076938342504E-003
   585.00000000000000       6.54675311226132327E-003  1.62377709493468996E-003
   591.50000000000000       6.44188988809103660E-003  1.59880715597779171E-003
   598.00000000000000       6.33885185506332435E-003  1.57420659748815799E-003
   604.50000000000000       6.23759832972290394E-003  1.54997102516787823E-003
   611.00000000000000       6.13809004508921070E-003  1.52609601409028580E-003
   617.50000000000000       6.04028907783844913E-003  1.50257711659098660E-003
   624.00000000000000       5.94415878001632730E-003  1.47940986946663248E-003
   630.50000000000000       5.84966371496831519E-003  1.45658980053758771E-003
   637.00000000000000       5.75676959719856676E-003  1.43411243462592095E-003
   643.50000000000000       5.66544323589099775E-003  1.41197329899585907E-003
   650.00000000000000       5.57565248184626033E-003  1.39016792829995436E-003
   656.50000000000000       5.48736617760685417E-003  1.36869186907064857E-003
   663.00000000000000       5.40055411055942545E-003  1.34754068379369782E-003
   669.50000000000000       5.31518696881872008E-003  1.32670995459694633E-003
   676.00000000000000       5.23123629971157088E-003  1.30619528658523407E-003
   682.50000000000000       5.14867447069221676E-003  1.28599231084980219E-003
   689.00000000000000       5.06747463253199183E-003  1.26609668717824787E-003
   695.50000000000000       4.98761068463725483E-003  1.24650410648905266E-003
   702.00000000000000       4.90905724235942299E-003  1.22721029301279616E-003
   708.50000000000000       4.83178960617022812E-003  1.20821100624041861E-003
   715.00000000000000       4.75578373258379872E-003  1.18950204265731371E-003
   721.50000000000000       4.68101620671516894E-003  1.17107923728055631E-003
   728.00000000000000       4.60746421637213757E-003  1.15293846501519914E-003
   734.50000000000000       4.53510552758421611E-003  1.13507564184435234E-003
   741.00000000000000       4.46391846147882205E-003  1.11748672586659448E-003
   747.50000000000000       4.39388187242075682E-003  1.10016771819321495E-003
   754.00000000000000       4.32497512733653541E-003  1.08311466371682156E-003
   760.50000000000000       4.25717808615026783E-003  1.06632365176192795E-003
   767.00000000000000       4.19047108326262453E-003  1.04979081662733118E-003
   773.50000000000000       4.12483491000880092E-003  1.03351233802930517E-003
   780.00000000000000       4.06025079803562852E-003  1.01748444145396489E-003
   786.50000000000000       3.99670040354184117E-003  1.00170339842648045E-003
   793.00000000000000       3.93416579232912407E-003  9.86165526704231230E-004
   799.50000000000000       3.87262942561493505E-003  9.70867190400439271E-004
   806.00000000000000       3.81207414656127910E-003  9.55804800044314094E-004
   812.50000000000000       3.75248316747650275E-003  9.40974812583275210E-004
   819.00000000000000       3.69384005764996455E-003  9.26373731332378312E-004
   825.50000000000000       3.63612873178198546E-003  9.11998105875680420E-004
   832.00000000000000       3.57933343897385691E-003  8.97844531923899856E-004
   838.50000000000000       3.52343875224495322E-003  8.83909651132402008E-004
   845.00000000000000       3.46842955854604652E-003  8.70190150883210509E-004
   851.50000000000000       3.41429104923988806E-003  8.56682764034472945E-004
   858.00000000000000       3.36100871102195135E-003  8.43384268640526248E-004
   864.50000000000000       3.30856831725591426E-003  8.30291487645468422E-004
   871.00000000000000       3.25695591970006455E-003  8.17401288552909800E-004
   877.50000000000000       3.20615784060228554E-003  8.04710583074376364E-004
   884.00000000000000       3.15616066514269209E-003  7.92216326758632947E-004
   890.50000000000000       3.10695123420427375E-003  7.79915518604020787E-004
   897.00000000000000       3.05851663745311531E-003  7.67805200655729430E-004
   903.50000000000000       3.01084420671092088E-003  7.55882457589780992E-004
   910.00000000000000       2.96392150960361452E-003  7.44144416285360643E-004
   916.50000000000000       2.91773634347080625E-003  7.32588245386987260E-004
   923.00000000000000       2.87227672952183703E-003  7.21211154857907019E-004
   929.50000000000000       2.82753090722497828E-003  7.10010395525976622E-004
   936.00000000000000       2.78348732891721320E-003  6.98983258623201440E-004
   942.50000000000000       2.74013465462274531E-003  6.88127075319997818E-004
   949.00000000000000       2.69746174706915519E-003  6.77439216255163574E-004
   955.50000000000000       2.65545766689073964E-003  6.66917091062452119E-004
   962.00000000000000       2.61411166800924223E-003  6.56558147894577781E-004
   968.50000000000000       2.57341319318275287E-003  6.46359872945408663E-004
   975.00000000000000       2.53335186971411159E-003  6.36319789971036818E-004
   981.50000000000000       2.49391750531065791E-003  6.26435459810356079E-004
   988.00000000000000       2.45510008408767908E-003  6.16704479905729450E-004
   994.50000000000000       2.41688976270833461E-003  6.07124483824271564E-004
   1001.0000000000000       2.37927686665328998E-003  5.97693140780223360E-004
   1007.5000000000000       2.34225188661365972E-003  5.88408155158857017E-004
   1014.0000000000000       2.30580547500126290E-003  5.79267266042314869E-004
   1020.5000000000000       2.26992844257053843E-003  5.70268246737730584E-004
   1027.0000000000000       2.23461175514677503E-003  5.61408904307971607E-004
   1033.5000000000000       2.19984653045566213E-003  5.52687079105292143E-004
   1040.0000000000000       2.16562403504941096E-003  5.44100644308160805E-004
   1046.5000000000000       2.13193568132500266E-003  5.35647505461506841E-004
   1053.0000000000000       2.09877302463035717E-003  5.27325600020601059E-004
   1059.5000000000000       2.06612776045445945E-003  5.19132896898758878E-004
   1066.0000000000000       2.03399172169770786E-003  5.11067396019042135E-004
   1072.5000000000000       2.00235687601895860E-003  5.03127127870109272E-004
   1079.0000000000000       1.97121532325593212E-003  4.95310153066346923E-004
   1085.5000000000000       1.94055929291584101E-003  4.87614561912405261E-004
   1092.0000000000000       1.91038114173327318E-003  4.80038473972236039E-004
   1098.5000000000000       1.88067335129251637E-003  4.72580037642727916E-004
   1105.0000000000000       1.85142852571168492E-003  4.65237429732006996E-004
   1111.5000000000000       1.82263938938612927E-003  4.58008855042476692E-004
   1118.0000000000000       1.79429878478876495E-003  4.50892545958643195E-004
   1124.5000000000000       1.76639967032507679E-003  4.43886762039775247E-004
   1131.0000000000000       1.73893511824066514E-003  4.36989789617432569E-004
   1137.5000000000000       1.71189831257934012E-003  4.30199941397886056E-004
   1144.0000000000000       1.68528254718983790E-003  4.23515556069450699E-004
   1150.5000000000000       1.65908122377936870E-003  4.16934997914747624E-004
   1157.0000000000000       1.63328785001227734E-003  4.10456656427890521E-004
   1163.5000000000000       1.60789603765219401E-003  4.04078945936606757E-004
   1170.0000000000000       1.58289950074613165E-003  3.97800305229279100E-004
   1176.5000000000000       1.55829205384906840E-003  3.91619197186901741E-004
   1183.0000000000000       1.53406761028762259E-003  3.85534108419933444E-004
   1189.5000000000000       1.51022018046150213E-003  3.79543548910031287E-004
   1196.0000000000000       1.48674387018147159E-003  3.73646051656637674E-004
   1202.5000000000000       1.46363287904263477E-003  3.67840172328397187E-004
   1209.0000000000000       1.44088149883190805E-003  3.62124488919375218E-004
   1215.5000000000000       1.41848411196859154E-003  3.56497601410041883E-004
   1222.0000000000000       1.39643518997700799E-003  3.50958131432990315E-004
   1228.5000000000000       1.37472929199022658E-003  3.45504721943351459E-004
   1235.0000000000000       1.35336106328393601E-003  3.40136036893866215E-004
   1241.5000000000000       1.33232523383956607E-003  3.34850760914574927E-004
   1248.0000000000000       1.31161661693580717E-003  3.29647598997080367E-004
   1254.5000000000000       1.29123010776770577E-003  3.24525276183343652E-004
   1261.0000000000000       1.27116068209256312E-003  3.19482537258966484E-004
   1267.5000000000000       1.25140339490188105E-003  3.14518146450912933E-004
   1274.0000000000000       1.23195337911864884E-003  3.09630887129626027E-004
   1280.5000000000000       1.21280584431927916E-003  3.04819561515489443E-004
   1287.0000000000000       1.19395607547954290E-003  3.00082990389587687E-004
   1293.5000000000000       1.17539943174386889E-003  2.95420012808715799E-004
   1300.0000000000000       1.15713134521741438E-003  2.90829485824588123E-004
   1306.5000000000000       1.13914731978031775E-003  2.86310284207196041E-004
   1313.0000000000000       1.12144292992358155E-003  2.81861300172265574E-004
   1319.5000000000000       1.10401381960605256E-003  2.77481443112767014E-004
   1326.0000000000000       1.08685570113198804E-003  2.73169639334420935E-004
   1332.5000000000000       1.06996435404870622E-003  2.68924831795152805E-004
   1339.0000000000000       1.05333562406384994E-003  2.64745979848447755E-004
   1345.5000000000000       1.03696542198180989E-003  2.60632058990552522E-004
   1352.0000000000000       1.02084972265885734E-003  2.56582060611473622E-004
   1358.5000000000000       1.00498456397656749E-003  2.52594991749722413E-004
   1365.0000000000000       9.89366045833115718E-004  2.48669874850758867E-004
   1371.5000000000000       9.73990329152059874E-004  2.44805747529082266E-004
   1378.0000000000000       9.58853634908214941E-004  2.41001662333919012E-004
   1384.5000000000000       9.43952243170258849E-004  2.37256686518459438E-004
   1391.0000000000000       9.29282492159706243E-004  2.33569901812593283E-004
   1397.5000000000000       9.14840777325904263E-004  2.29940404199096838E-004
   1404.0000000000000       9.00623550436717066E-004  2.26367303693222286E-004
   1410.5000000000000       8.86627318684571537E-004  2.22849724125642675E-004
   1417.0000000000000       8.72848643807555081E-004  2.19386802928702790E-004
   1423.5000000000000       8.59284141225250334E-004  2.15977690925931332E-004
   1430.0000000000000       8.45930479189023043E-004  2.12621552124767153E-004
   1436.5000000000000       8.32784377946466916E-004  2.09317563512451425E-004
   1443.0000000000000       8.19842608919727563E-004  2.06064914855042306E-004
   1449.5000000000000       8.07101993897439132E-004  2.02862808499507493E-004
   1456.0000000000000       7.94559404240007157E-004  1.99710459178847394E-004
   1462.5000000000000       7.82211760097980971E-004  1.96607093820205575E-004
   1469.0000000000000       7.70056029643267632E-004  1.93551951355924490E-004
   1475.5000000000000       7.58089228312945791E-004  1.90544282537501218E-004
   1482.0000000000000       7.46308418065443372E-004  1.87583349752400825E-004
   1488.5000000000000       7.34710706648846281E-004  1.84668426843684558E-004
   1495.0000000000000       7.23293246881117290E-004  1.81798798932414308E-004
   1501.5000000000000       7.12053235942007828E-004  1.78973762242788686E-004
   1508.0000000000000       7.00987914676446484E-004  1.76192623929970064E-004
   1514.5000000000000       6.90094566909198225E-004  1.73454701910565176E-004
   1521.0000000000000       6.79370518770592885E-004  1.70759324695716802E-004
   1527.5000000000000       6.68813138033122348E-004  1.68105831226768857E-004
   1534.0000000000000       6.58419833458716579E-004  1.65493570713466567E-004
   1540.5000000000000       6.48188054156508767E-004  1.62921902474651576E-004
   1547.0000000000000       6.38115288950902781E-004  1.60390195781416714E-004
   1553.5000000000000       6.28199065759766956E-004  1.57897829702682098E-004
   1560.0000000000000       6.18436950982576093E-004  1.55444192953156109E-004
   1566.5000000000000       6.08826548898328836E-004  1.53028683743645265E-004
   1573.0000000000000       5.99365501073072932E-004  1.50650709633677452E-004
   1579.5000000000000       5.90051485776874529E-004  1.48309687386403202E-004
   1586.0000000000000       5.80882217410068694E-004  1.46005042825740237E-004
   1592.5000000000000       5.71855445938632611E-004  1.43736210695727759E-004
   1599.0000000000000       5.62968956338530239E-004  1.41502634522056318E-004
   1605.5000000000000       5.54220568048873039E-004  1.39303766475740100E-004
   1612.0000000000000       5.45608134433751184E-004  1.37139067238899550E-004
   1618.5000000000000       5.37129542252589415E-004  1.35008005872620795E-004
   1625.0000000000000       5.28782711138883993E-004  1.32910059686861817E-004
   1631.5000000000000       5.20565593087182516E-004  1.30844714112372774E-004
   1638.0000000000000       5.12476171948169777E-004  1.28811462574599417E-004
   1644.5000000000000       5.04512462931723808E-004  1.26809806369540854E-004
   1651.0000000000000       4.96672512117812869E-004  1.24839254541530176E-004
   1657.5000000000000       4.88954395975102637E-004  1.22899323762908725E-004
   1664.0000000000000       4.81356220887147769E-004  1.20989538215565801E-004
   1670.5000000000000       4.73876122686043319E-004  1.19109429474313671E-004
   1677.0000000000000       4.66512266193415057E-004  1.17258536392070647E-004
   1683.5000000000000       4.59262844768626736E-004  1.15436404986823886E-004
   1690.0000000000000       4.52126079864089206E-004  1.13642588330345860E-004
   1696.5000000000000       4.45100220587555252E-004  1.11876646438635881E-004
   1703.0000000000000       4.38183543271286765E-004  1.10138146164060505E-004
   1709.5000000000000       4.31374351047983753E-004  1.08426661089167399E-004
   1716.0000000000000       4.24670973433365366E-004  1.06741771422145428E-004
   1722.5000000000000       4.18071765915295436E-004  1.05083063893907306E-004
   1729.0000000000000       4.11575109549348287E-004  1.03450131656768353E-004
   1735.5000000000000       4.05179410560710677E-004  1.01842574184697921E-004
   1742.0000000000000       3.98883099952318662E-004  1.00259997175118035E-004
   1748.5000000000000       3.92684633119128816E-004  9.87020124522257244E-005
   1755.0000000000000       3.86582489468426517E-004  9.71682378718166878E-005
   1761.5000000000000       3.80575172046074403E-004  9.56582972275845837E-005
   1768.0000000000000       3.74661207168606146E-004  9.41718201588758895E-005
   1774.5000000000000       3.68839144061072625E-004  9.27084420598758136E-005
   1781.0000000000000       3.63107554500549038E-004  9.12678039902041705E-005
   1787.5000000000000       3.57465032465212492E-004  8.98495525868996049E-005
   1794.0000000000000       3.51910193788902660E-004  8.84533399777690427E-005
   1800.5000000000000       3.46441675821077390E-004  8.70788236960829212E-005
   1807.0000000000000       3.41058137092077206E-004  8.57256665965949629E-005
   1813.5000000000000       3.35758256983616698E-004  8.43935367728660405E-005
   1820.0000000000000       3.30540735404418775E-004  8.30821074758711814E-005
   1826.5000000000000       3.25404292470910395E-004  8.17910570338708479E-005
   1833.0000000000000       3.20347668192899897E-004  8.05200687735263651E-005
   1839.5000000000000       3.15369622164158702E-004  7.92688309422400649E-005
   1846.0000000000000       3.10468933257826592E-004  7.80370366317013734E-005
   1852.5000000000000       3.05644399326568492E-004  7.68243837026208595E-005
   1859.0000000000000       3.00894836907405583E-004  7.56305747106326596E-005
   1865.5000000000000       2.96219080931148248E-004  7.44553168333475263E-005
   1872.0000000000000       2.91615984436356115E-004  7.32983217985395046E-005
   1878.5000000000000       2.87084418287758927E-004  7.21593058134470465E-005
   1885.0000000000000       2.82623270899062101E-004  7.10379894951727062E-005
   1891.5000000000000       2.78231447960072126E-004  6.99340978021640978E-005
   1898.0000000000000       2.73907872168073377E-004  6.88473599667587118E-005
   1904.5000000000000       2.69651482963388720E-004  6.77775094287767625E-005
   1911.0000000000000       2.65461236269058068E-004  6.67242837701454501E-005
   1917.5000000000000       2.61336104234572396E-004  6.56874246505387825E-005
   1924.0000000000000       2.57275074983597083E-004  6.46666777440168535E-005
   1930.5000000000000       2.53277152365623259E-004  6.36617926766497956E-005
   1937.0000000000000       2.49341355711486183E-004  6.26725229651104517E-005
   1943.5000000000000       2.45466719592688995E-004  6.16986259562211464E-005
   1950.0000000000000       2.41652293584473297E-004  6.07398627674395452E-005
   1956.5000000000000       2.37897142032577230E-004  5.97959982282688700E-005
   1963.0000000000000       2.34200343823623680E-004  5.88668008225785405E-005
   1969.5000000000000       2.30560992159081687E-004  5.79520426318207862E-005
   1976.0000000000000       2.26978194332745690E-004  5.70514992791293517E-005
   1982.5000000000000       2.23451071511676598E-004  5.61649498742869055E-005
   1989.0000000000000       2.19978758520552264E-004  5.52921769595472067E-005
   1995.5000000000000       2.16560403629372276E-004  5.44329664562990940E-005
   2002.0000000000000       2.13195168344465871E-004  5.35871076125591365E-005
   2008.5000000000000       2.09882227202751317E-004  5.27543929512800999E-005
   2015.0000000000000       2.06620767569195565E-004  5.19346182194622505E-005
   2021.5000000000000       2.03409989437424235E-004  5.11275823380556187E-005
   2028.0000000000000       2.00249105233433512E-004  5.03330873526404348E-005
   2034.5000000000000       1.97137339622354524E-004  4.95509383848739064E-005
   2041.0000000000000       1.94073929318223568E-004  4.87809435846914919E-005
   2047.5000000000000       1.91058122896710738E-004  4.80229140832506423E-005
   2054.0000000000000       1.88089180610760730E-004  4.72766639466056611E-005
   2060.5000000000000       1.85166374209101025E-004  4.65420101301026106E-005
   2067.0000000000000       1.82288986757572394E-004  4.58187724334824660E-005
   2073.5000000000000       1.79456312463237397E-004  4.51067734566820073E-005
   2080.0000000000000       1.76667656501224105E-004  4.44058385563214869E-005
   2086.5000000000000       1.73922334844262634E-004  4.37157958028685329E-005
   2093.0000000000000       1.71219674094871707E-004  4.30364759384671032E-005
   2099.5000000000000       1.68559011320154378E-004  4.23677123354223472E-005
   2106.0000000000000       1.65939693889162991E-004  4.17093409553301957E-005
   2112.5000000000000       1.63361079312791818E-004  4.10612003088420217E-005
   2119.0000000000000       1.60822535086159978E-004  4.04231314160544936E-005
   2125.5000000000000       1.58323438533443834E-004  3.97949777675146780E-005
   2132.0000000000000       1.55863176655121909E-004  3.91765852858315519E-005
   2138.5000000000000       1.53441145977595040E-004  3.85678022878836754E-005
   2145.0000000000000       1.51056752405143857E-004  3.79684794476141442E-005
   2151.5000000000000       1.48709411074187834E-004  3.73784697594036245E-005
   2158.0000000000000       1.46398546209809861E-004  3.67976285020125870E-005
   2164.5000000000000       1.44123590984511154E-004  3.62258132030838099E-005
   2171.0000000000000       1.41883987379161759E-004  3.56628836041963674E-005
   2177.5000000000000       1.39679186046112519E-004  3.51087016264628785E-005
   2184.0000000000000       1.37508646174435220E-004  3.45631313366609217E-005
   2190.5000000000000       1.35371835357256555E-004  3.40260389138909923E-005
   2197.0000000000000       1.33268229461155072E-004  3.34972926167526817E-005
   2203.5000000000000       1.31197312497587944E-004  3.29767627510306414E-005
   2210.0000000000000       1.29158576496315894E-004  3.24643216378827902E-005
   2216.5000000000000       1.27151521380796138E-004  3.19598435825227143E-005
   2223.0000000000000       1.25175654845511306E-004  3.14632048433888403E-005
   2229.5000000000000       1.23230492235205529E-004  3.09742836017927307E-005
   2236.0000000000000       1.21315556425997725E-004  3.04929599320388585E-005
   2242.5000000000000       1.19430377708342020E-004  3.00191157720086875E-005
   2249.0000000000000       1.17574493671807816E-004  2.95526348942020287E-005
   2255.5000000000000       1.15747449091650439E-004  2.90934028772282628E-005
   2262.0000000000000       1.13948795817144795E-004  2.86413070777405303E-005
   2268.5000000000000       1.12178092661654360E-004  2.81962366028060178E-005
   2275.0000000000000       1.10434905294408929E-004  2.77580822827057251E-005
   2281.5000000000000       1.08718806133964281E-004  2.73267366441568154E-005
   2288.0000000000000       1.07029374243317578E-004  2.69020938839510328E-005
   2294.5000000000000       1.05366195226652831E-004  2.64840498430028017E-005
   2301.0000000000000       1.03728861127691337E-004  2.60725019808005925E-005
   2307.5000000000000       1.02116970329621648E-004  2.56673493502552233E-005
   2314.0000000000000       1.00530127456584649E-004  2.52684925729390708E-005
   2320.5000000000000       9.89679432766901046E-005  2.48758338147100855E-005
   2327.0000000000000       9.74300346065399853E-005  2.44892767617144767E-005
   2333.5000000000000       9.59160242172359313E-005  2.41087265967623784E-005
   2340.0000000000000       9.44255407418473542E-005  2.37340899760705362E-005
   2346.5000000000000       9.29582185843173808E-005  2.33652750063664856E-005
   2353.0000000000000       9.15136978297847775E-005  2.30021912223485781E-005
   2359.5000000000000       9.00916241562994412E-005  2.26447495644959946E-005
   2366.0000000000000       8.86916487479097579E-005  2.22928623572238066E-005
   2372.5000000000000       8.73134282091007555E-005  2.19464432873773825E-005
   2379.0000000000000       8.59566244805619491E-005  2.16054073830611169E-005
   2385.5000000000000       8.46209047562641571E-005  2.12696709927959895E-005
   2392.0000000000000       8.33059414018250409E-005  2.09391517650010931E-005
   2398.5000000000000       8.20114118741433233E-005  2.06137686277939237E-005
   2405.0000000000000       8.07369986422817643E-005  2.02934417691045507E-005
   2411.5000000000000       7.94823891095796086E-005  1.99780926170989309E-005
   2418.0000000000000       7.82472755369758021E-005  1.96676438209064012E-005
   2424.5000000000000       7.70313549675233263E-005  1.93620192316464965E-005
   2431.0000000000000       7.58343291520769791E-005  1.90611438837507824E-005
   2437.5000000000000       7.46559044761356940E-005  1.87649439765748473E-005
   2444.0000000000000       7.34957918878219042E-005  1.84733468562960257E-005
   2450.5000000000000       7.23537068269801008E-005  1.81862809980924381E-005
   2457.0000000000000       7.12293691553771976E-005  1.79036759885989708E-005
   2463.5000000000000       7.01225030879874377E-005  1.76254625086358397E-005
   2470.0000000000000       6.90328371253454826E-005  1.73515723162056240E-005
   2476.5000000000000       6.79601039869504048E-005  1.70819382297543637E-005
   2483.0000000000000       6.69040405457047146E-005  1.68164941116929096E-005
   2489.5000000000000       6.58643877633721436E-005  1.65551748521743145E-005
   2496.0000000000000       6.48408906270385725E-005  1.62979163531233049E-005
   2502.5000000000000       6.38332980865601658E-005  1.60446555125138588E-005
   2509.0000000000000       6.28413629929836431E-005  1.57953302088911825E-005
   2515.5000000000000       6.18648420379234938E-005  1.55498792861341645E-005
   2522.0000000000000       6.09034956938811608E-005  1.53082425384546248E-005
   2528.5000000000000       5.99570881554918671E-005  1.50703606956297173E-005
   2535.0000000000000       5.90253872816842796E-005  1.48361754084637244E-005
   2541.5000000000000       5.81081645387390654E-005  1.46056292344757881E-005
   2548.0000000000000       5.72051949442322507E-005  1.43786656238100494E-005
   2554.5000000000000       5.63162570118497509E-005  1.41552289053647804E-005
   2561.0000000000000       5.54411326970594224E-005  1.39352642731370666E-005
   2567.5000000000000       5.45796073436274304E-005  1.37187177727795923E-005
   2574.0000000000000       5.37314696309657054E-005  1.35055362883664138E-005
   2580.5000000000000       5.28965115222975382E-005  1.32956675293642926E-005
   2587.0000000000000       5.20745282136287439E-005  1.30890600178065675E-005
   2593.5000000000000       5.12653180835117442E-005  1.28856630756663779E-005
   2600.0000000000000       5.04686826435903692E-005  1.26854268124259983E-005
   2606.5000000000000       4.96844264899131834E-005  1.24883021128393567E-005
   2613.0000000000000       4.89123572550032381E-005  1.22942406248847242E-005
   2619.5000000000000       4.81522855606728007E-005  1.21031947479046762E-005
   2626.0000000000000       4.74040249715712540E-005  1.19151176209302976E-005
   2632.5000000000000       4.66673919494549263E-005  1.17299631111867793E-005
   2639.0000000000000       4.59422058081673917E-005  1.15476858027777359E-005
   2645.5000000000000       4.52282886693195692E-005  1.13682409855452569E-005
   2652.0000000000000       4.45254654186583298E-005  1.11915846441031393E-005
   2658.5000000000000       4.38335636631132397E-005  1.10176734470404885E-005
   2665.0000000000000       4.31524136885107508E-005  1.08464647362931744E-005
   2671.5000000000000       4.24818484179455193E-005  1.06779165166803522E-005
   2678.0000000000000       4.18217033707986215E-005  1.05119874456036079E-005
   2684.5000000000000       4.11718166223925199E-005  1.03486368229061756E-005
   2691.0000000000000       4.05320287642730519E-005  1.01878245808897504E-005
   2697.5000000000000       3.99021828651086131E-005  1.00295112744864573E-005
   2704.0000000000000       3.92821244321970030E-005  9.87365807158347278E-006
   2710.5000000000000       3.86717013735702209E-005  9.72022674349805859E-006
   2717.0000000000000       3.80707639606884924E-005  9.56917965560060163E-006
   2723.5000000000000       3.74791647917136592E-005  9.42047975808329839E-006
   2730.0000000000000       3.68967587553535508E-005  9.27409057687238928E-006
   2736.5000000000000       3.63234029952679862E-005  9.12997620468151711E-006
   2743.0000000000000       3.57589568750280373E-005  8.98810129220422091E-006
   2749.5000000000000       3.52032819436197994E-005  8.84843103944318151E-006
   2756.0000000000000       3.46562419014841155E-005  8.71093118717426226E-006
   2762.5000000000000       3.41177025670841053E-005  8.57556800854321038E-006
   2769.0000000000000       3.35875318439922765E-005  8.44230830079288603E-006
   2775.5000000000000       3.30655996884889197E-005  8.31111937711909476E-006
   2782.0000000000000       3.25517780776641414E-005  8.18196905865295987E-006
   2788.5000000000000       3.20459409780155544E-005  8.05482566656786622E-006
   2795.0000000000000       3.15479643145339265E-005  7.92965801430910522E-006
   2801.5000000000000       3.10577259402691918E-005  7.80643539994421018E-006
   2808.0000000000000       3.05751056063695197E-005  7.68512759863217104E-006
   2814.5000000000000       3.00999849325857544E-005  7.56570485520971241E-006
   2821.0000000000000       2.96322473782343456E-005  7.44813787689276898E-006
   2827.5000000000000       2.91717782136115184E-005  7.33239782609135572E-006
   2834.0000000000000       2.87184644918515659E-005  7.21845631333610249E-006
   2840.5000000000000       2.82721950212225153E-005  7.10628539031467845E-006
   2847.0000000000000       2.78328603378522536E-005  6.99585754301645960E-006
   2853.5000000000000       2.74003526788785247E-005  6.88714568498370828E-006
   2860.0000000000000       2.69745659560161044E-005  6.78012315066765256E-006
   2866.5000000000000       2.65553957295347793E-005  6.67476368888776551E-006
   2873.0000000000000       2.61427391826416821E-005  6.57104145639273518E-006
   2879.5000000000000       2.57364950962617095E-005  6.46893101152144784E-006
   2886.0000000000000       2.53365638242098370E-005  6.36840730796248208E-006
   2892.5000000000000       2.49428472687492322E-005  6.26944568861061439E-006
   2899.0000000000000       2.45552488565292196E-005  6.17202187951873802E-006
   2905.5000000000000       2.41736735148971067E-005  6.07611198394380233E-006
   2912.0000000000000       2.37980276485781374E-005  5.98169247648527118E-006
   2918.5000000000000       2.34282191167178459E-005  5.88874019731464994E-006
   2925.0000000000000       2.30641572102811342E-005  5.79723234649470152E-006
   2931.5000000000000       2.27057526298025294E-005  5.70714647838692825E-006
   2938.0000000000000       2.23529174634822805E-005  5.61846049614597462E-006
   2944.5000000000000       2.20055651656227501E-005  5.53115264629954054E-006
   2951.0000000000000       2.16636105353998980E-005  5.44520151341256419E-006
   2957.5000000000000       2.13269696959646917E-005  5.36058601483431587E-006
   2964.0000000000000       2.09955600738692351E-005  5.27728539552710005E-006
   2970.5000000000000       2.06693003788126112E-005  5.19527922297531890E-006
   2977.0000000000000       2.03481105837014492E-005  5.11454738217365874E-006
   2983.5000000000000       2.00319119050203931E-005  5.03507007069315367E-006
   2990.0000000000000       1.97206267835075328E-005  4.95682779382390476E-006
   2996.5000000000000       1.94141788651301562E-005  4.87980135979330799E-006
   3003.0000000000000       1.91124929823561491E-005  4.80397187505857722E-006
   3009.5000000000000       1.88154951357164225E-005  4.72932073967239734E-006
   3016.0000000000000       1.85231124756538266E-005  4.65582964272061086E-006
   3022.5000000000000       1.82352732846541337E-005  4.58348055783079693E-006
   3029.0000000000000       1.79519069596546815E-005  4.51225573875066192E-006
   3035.5000000000000       1.76729439947264425E-005  4.44213771499510914E-006
   3042.0000000000000       1.73983159640251143E-005  4.37310928756096538E-006
   3048.5000000000000       1.71279555050071820E-005  4.30515352470829600E-006
   3055.0000000000000       1.68617963019068124E-005  4.23825375780729398E-006
   3061.5000000000000       1.65997730694694810E-005  4.17239357724967477E-006
   3068.0000000000000       1.63418215369383907E-005  4.10755682842363162E-006
   3074.5000000000000       1.60878784322897177E-005  4.04372760775131549E-006
   3081.0000000000000       1.58378814667128171E-005  3.98089025878791714E-006
   3087.5000000000000       1.55917693193316453E-005  3.91902936838134598E-006
   3094.0000000000000       1.53494816221635661E-005  3.85812976289158320E-006
   3100.5000000000000       1.51109589453119066E-005  3.79817650446880924E-006
   3107.0000000000000       1.48761427823885714E-005  3.73915488738934342E-006
   3113.5000000000000       1.46449755361632645E-005  3.68105043444853379E-006
   3120.0000000000000       1.44174005044356387E-005  3.62384889340967950E-006
   3126.5000000000000       1.41933618661270082E-005  3.56753623350816871E-006
   3133.0000000000000       1.39728046675882029E-005  3.51209864200991342E-006
   3139.5000000000000       1.37556748091201845E-005  3.45752252082326974E-006
   3146.0000000000000       1.35419190317040978E-005  3.40379448316361196E-006
   3152.5000000000000       1.33314849039375665E-005  3.35090135026974018E-006
   3159.0000000000000       1.31243208091739902E-005  3.29883014817129903E-006
   3165.5000000000000       1.29203759328616463E-005  3.24756810450644435E-006
   3172.0000000000000       1.27196002500796025E-005  3.19710264538896475E-006
   3178.5000000000000       1.25219445132672579E-005  3.14742139232406191E-006
   3185.0000000000000       1.23273602401445899E-005  3.09851215917208048E-006
   3191.5000000000000       1.21357997018200977E-005  3.05036294915940547E-006
   3198.0000000000000       1.19472159110835585E-005  3.00296195193582829E-006
   3204.5000000000000       1.17615626108806956E-005  2.95629754067761613E-006
   3211.0000000000000       1.15787942629669387E-005  2.91035826923561687E-006
   3217.5000000000000       1.13988660367375305E-005  2.86513286932766963E-006
   3224.0000000000000       1.12217337982311609E-005  2.82061024777464821E-006
   3230.5000000000000       1.10473540993045159E-005  2.77677948377945458E-006
   3237.0000000000000       1.08756841669750250E-005  2.73362982624829580E-006
   3243.5000000000000       1.07066818929292429E-005  2.69115069115358965E-006
   3250.0000000000000       1.05403058231942367E-005  2.64933165893783705E-006
