   0.0000000000000000        1.0000000000000000        0.0000000000000000     
   5.0000000000000000       0.99728683414250496        7.0543666318495499E-002
   10.000000000000000       0.98926000155156624       0.14063520991727341     
   15.000000000000000       0.97599129957569231       0.20988087716404452     
   20.000000000000000       0.95758221223837214       0.27789509999401524     
   25.000000000000000       0.93416285366774499       0.34430266029268358     
   30.000000000000000       0.90589077569675813       0.40874074866039334     
   35.000000000000000       0.87294964945075404       0.47086090943419312     
   40.000000000000000       0.83554783096316332       0.53033086465040025     
   45.000000000000000       0.79391682104870853       0.58683621043420409     
   50.000000000000000       0.74830962981747207       0.64008198009974360     
   55.000000000000000       0.69899905633267823       0.68979406903445528     
   60.000000000000000       0.64627589399999774       0.73572051722408494     
   65.000000000000000       0.59044707232661564       0.77763264604860383     
   70.000000000000000       0.53183374570407016       0.81532604674312359     
   75.000000000000000       0.47076933984981795       0.84862141867065310     
   80.000000000000000       0.40759756648853912       0.87736525629380147     
   85.000000000000000       0.34267041676525817       0.90143038445891599     
   90.000000000000000       0.27634614375845279       0.92071634231723476     
   95.000000000000000       0.20898724430256949       0.93514961690181819     
   100.00000000000000       0.14095845013598143       0.94468372805476142     
   105.00000000000000        7.2624738162757427E-002  0.94929916705480133     
   110.00000000000000        4.3493693552034566E-003  0.94900319192924765     
   115.00000000000000       -6.3508034470387123E-002  0.94382948304449910     
   120.00000000000000      -0.13059336709913424       0.93383766315451411     
   125.00000000000000      -0.19655985903656775       0.91911268664485413     
   130.00000000000000      -0.26106983514188520       0.89976410323957723     
   135.00000000000000      -0.32379640103316609       0.87592520193775103     
   140.00000000000000      -0.38442505096659246       0.84775204141410121     
   145.00000000000000      -0.44265519036175899       0.81542237355278691     
   150.00000000000000      -0.49820156663907533       0.77913446718314516     
   155.00000000000000      -0.55079560255110838       0.73910583945011832     
   160.00000000000000      -0.60018662672543244       0.69557190257879598     
   165.00000000000000      -0.64614299668991948       0.64878453408099390     
   170.00000000000000      -0.68845311022010436       0.59901057870113739     
   175.00000000000000      -0.72692630142988945       0.54653029060809577     
   180.00000000000000      -0.76139361861889054       0.49163572450843485     
   185.00000000000000      -0.79170848148958683       0.43462908448432630     
   190.00000000000000      -0.81774721595252131       0.37582103944578099     
   195.00000000000000      -0.83940946534535421       0.31552901413183837     
   200.00000000000000      -0.85661847749896980       0.25407546459888986     
   205.00000000000000      -0.86932126768827844       0.19178614709669697     
   210.00000000000000      -0.87748865810415988       0.12898838915427785     
   215.00000000000000      -0.88111519507345537        6.6009371579301687E-002
   220.00000000000000      -0.88021894583334059        3.1744299167194567E-003
   225.00000000000000      -0.87484117723219523       -5.9194616283958036E-002
   230.00000000000000      -0.86504591927865149      -0.12078109827691187     
   235.00000000000000      -0.85091941699138518      -0.18127508915752055     
   240.00000000000000      -0.83256947451200747      -0.24037494358687164     
   245.00000000000000      -0.81012469592982495      -0.29778877899790468     
   250.00000000000000      -0.78373362772809774      -0.35323589144574263     
   255.00000000000000      -0.75356380819471203      -0.40644809966182394     
   260.00000000000000      -0.71980072954393082      -0.45717101129557286     
   265.00000000000000      -0.68264671886842854      -0.50516520577632862     
   270.00000000000000      -0.64231974438045503      -0.55020732869983424     
   275.00000000000000      -0.59905215370636766      -0.59209109313531816     
   280.00000000000000      -0.55308935126859660      -0.63062818375863050     
   285.00000000000000      -0.50468842202232822      -0.66564906024144699     
   290.00000000000000      -0.45411670900989959      -0.69700365686358012     
   295.00000000000000      -0.40165035235339069      -0.72456197586230420     
   300.00000000000000      -0.34757279742467412      -0.74821457258654878     
   305.00000000000000      -0.29217328001192416      -0.76787293108214516     
   310.00000000000000      -0.23574529634216959      -0.78346972929426817     
   315.00000000000000      -0.17858506582098302      -0.79495899363205780     
   320.00000000000000      -0.12098999431310219      -0.80231614319543243     
   325.00000000000000       -6.3257145712135449E-002 -0.80553792451263462     
   330.00000000000000       -5.6817294341712475E-003 -0.80464223817641078     
   335.00000000000000        5.1444388680077516E-002 -0.79966785929442397     
   340.00000000000000       0.10783414475599189      -0.79067405418293268     
   345.00000000000000       0.16320669749070538      -0.77774009622960161     
   350.00000000000000       0.21728880414975763      -0.76096468432920084     
   355.00000000000000       0.26981614541655702      -0.74046526775265920     
   360.00000000000000       0.32053459287235209      -0.71637728174342397     
   365.00000000000000       0.36920141322861055      -0.68885329854335853     
   370.00000000000000       0.41558640380429729      -0.65806209893163037     
   375.00000000000000       0.45947295413546302      -0.62418766971260564     
   380.00000000000000       0.50065902902166093      -0.58742813291105456     
   385.00000000000000       0.53895806875072461      -0.54799461272371908     
   390.00000000000000       0.57419980269803506      -0.50611004653422875     
   395.00000000000000       0.60623097296618067      -0.46200794652250493     
   400.00000000000000       0.63491596521335392      -0.41593111858930842     
   405.00000000000000       0.66013734431148852      -0.36813034547078227     
   410.00000000000000       0.68179629297538369      -0.31886304103625329     
   415.00000000000000       0.69981295200940630      -0.26839188284488691     
   420.00000000000000       0.71412666132614633      -0.21698343008290025     
   425.00000000000000       0.72469610139913820      -0.16490673401302205     
   430.00000000000000       0.73149933531683875      -0.11243194804196668     
   435.00000000000000       0.73453375210497240       -5.9828944450306440E-002
   440.00000000000000       0.73381591247668410       -7.3659447328717357E-003
   445.00000000000000       0.72938129865218970        4.4691829632547114E-002
   450.00000000000000       0.72128397035951397        9.6083479333937849E-002
   455.00000000000000       0.70959612958314688       0.14655371583256910     
   460.00000000000000       0.69440759706587807       0.19585411019698817     
   465.00000000000000       0.67582520398860235       0.24374429618706914     
   470.00000000000000       0.65397210265158590       0.28999312189539311     
   475.00000000000000       0.62898700035669974       0.33437974456319625     
   480.00000000000000       0.60102332104173317       0.37669466352253844     
   485.00000000000000       0.57024829954357092       0.41674068657332691     
   490.00000000000000       0.53684201366527895       0.45433382548139728     
   495.00000000000000       0.50099635949174137       0.48930411667992729     
   500.00000000000000       0.46291397563831116       0.52149636366889351     
   505.00000000000000       0.42280712232598955       0.55077079803385554     
   510.00000000000000       0.38089652135415403       0.57700365644379337     
   515.00000000000000       0.33741016318719014       0.60008767143575070     
   520.00000000000000       0.29258208748404557       0.61993247424924147     
   525.00000000000000       0.24665114347945685       0.63646490843348669     
   530.00000000000000       0.19985973667225948       0.64962925341314370     
   535.00000000000000       0.15245256828980877       0.65938735766090983     
   540.00000000000000       0.10467537397835082       0.66571868158594627     
   545.00000000000000        5.6773668117525225E-002  0.66862025070308628     
   550.00000000000000        8.9915000736226092E-003  0.66810652009708593     
   555.00000000000000       -3.8429771408574814E-002  0.66420915163645555     
   560.00000000000000       -8.5252679620711161E-002  0.65697670582057022     
   565.00000000000000      -0.13124482123244288       0.64647425055973151     
   570.00000000000000      -0.17617999188242714       0.63278288958859774     
   575.00000000000000      -0.21983928057127222       0.61599921359708698     
   580.00000000000000      -0.26201211766443833       0.59623467752761639     
   585.00000000000000      -0.30249727159260664       0.57361490783177760     
   590.00000000000000      -0.34110378963904203       0.54827894380158104     
   595.00000000000000      -0.37765187852623999       0.52037841738891866     
   600.00000000000000      -0.41197372085587608       0.49007667620046352     
   605.00000000000000      -0.44391422381485068       0.45754785460276431     
   610.00000000000000      -0.47333169693410981       0.42297589809271569     
   615.00000000000000      -0.50009845607388514       0.38655354628103672     
   620.00000000000000      -0.52410135120696988       0.34848128000011314     
   625.00000000000000      -0.54524221597852485       0.30896623818198510     
   630.00000000000000      -0.56343823743454069       0.26822111025694167     
   635.00000000000000      -0.57862224472935997       0.22646300989786511     
   640.00000000000000      -0.59074291604334472       0.18391233597999307     
   645.00000000000000      -0.59976490336281518       0.14079162664020370     
   650.00000000000000      -0.60566887519356483        9.7324412304425220E-002
   655.00000000000000      -0.60845147769450081        5.3734073506691737E-002
   660.00000000000000      -0.60812521512719930        1.0242709249162813E-002
   665.00000000000000      -0.60471825091838927       -3.2929978450259065E-002
   670.00000000000000      -0.59827413102357263       -7.5567778306494096E-002
   675.00000000000000      -0.58885143165932907      -0.11745903645305615     
   680.00000000000000      -0.57652333383746301      -0.15839769088910177     
   685.00000000000000      -0.56137712748430701      -0.19818426871953387     
   690.00000000000000      -0.54351364826157877      -0.23662684145104323     
   695.00000000000000      -0.52304665051962407      -0.27354193386010045     
   700.00000000000000      -0.50010212010824584      -0.30875538222259635     
   705.00000000000000      -0.47481753104331642      -0.34210313798751857     
   710.00000000000000      -0.44734105027773929      -0.37343201328707754     
   715.00000000000000      -0.41783069505207771      -0.40260036500137203     
   720.00000000000000      -0.38645344750226152      -0.42947871443519242     
   725.00000000000000      -0.35338433137846798      -0.45395030001609649     
   730.00000000000000      -0.31880545587984888      -0.47591156078454006     
   735.00000000000000      -0.28290503173369824      -0.49527254881671601     
   740.00000000000000      -0.24587636474452779      -0.51195726909688244     
   745.00000000000000      -0.20791683210808057      -0.52590394573639765     
   750.00000000000000      -0.16922684682744260      -0.53706521381944972     
   755.00000000000000      -0.13000881558313757      -0.54540823653863846     
   760.00000000000000       -9.0466095396550525E-002 -0.55091474766514481     
   765.00000000000000       -5.0801954386546298E-002 -0.55358101977634699     
   770.00000000000000       -1.1218541853126386E-002 -0.55341775903646817     
   775.00000000000000        2.8084127170007606E-002 -0.55044992769137113     
   780.00000000000000        6.6909167869379130E-002 -0.54471649579513448     
   785.00000000000000       0.10506379722927245      -0.53627012403181762     
   790.00000000000000       0.14236027651527217      -0.52517677982922373     
   795.00000000000000       0.17861682013397415      -0.51151528928085233     
   800.00000000000000       0.21365846654816945      -0.49537682769618180     
   805.00000000000000       0.24731790715605459      -0.47686435188643511     
   810.00000000000000       0.27943626929106058      -0.45609197756183251     
   815.00000000000000       0.30986384976429127      -0.43318430546575021     
   820.00000000000000       0.33846079565284692      -0.40827570010013331     
   825.00000000000000       0.36509772933288609      -0.38150952510393377     
   830.00000000000000       0.38965631506457260      -0.35303733953141353     
   835.00000000000000       0.41202976475534758      -0.32301805943911632     
   840.00000000000000       0.43212328085657936      -0.29161708932853253     
   845.00000000000000       0.44985443468481667      -0.25900542810548771     
   850.00000000000000       0.46515347880083963      -0.22535875430667976     
   855.00000000000000       0.47796359242567843      -0.19085649540833480     
   860.00000000000000       0.48824105922097638      -0.15568088607155650     
   865.00000000000000       0.49595537710970605      -0.12001602019357571     
   870.00000000000000       0.50108930016056863       -8.4046901623947970E-002
   875.00000000000000       0.50363881290362111       -4.7958498370031917E-002
   880.00000000000000       0.50361303778410904       -1.1934805057209376E-002
   885.00000000000000       0.50103407679443068        2.3842081673222552E-002
   890.00000000000000       0.49593678864898383        5.9192870251123415E-002
   895.00000000000000       0.48836850318179981        9.3941959300051656E-002
   900.00000000000000       0.47838867495079507       0.12791829649512193     
   905.00000000000000       0.46606847832377046       0.16095620702588470     
   910.00000000000000       0.45149034659853943       0.19289618772329029     
   915.00000000000000       0.43474745797154274       0.22358566311751454     
   920.00000000000000       0.41594317141475212       0.25287969991829684     
   925.00000000000000       0.39519041574852298       0.28064167665017925     
   930.00000000000000       0.37261103540729174       0.30674390543028512     
   935.00000000000000       0.34833509658473760       0.33106820314462326     
   940.00000000000000       0.32250015761444478       0.35350640955886775     
   945.00000000000000       0.29525050759051696       0.37396085018963393     
   950.00000000000000       0.26673637735945249       0.39234474206089176     
   955.00000000000000       0.23711312711940455       0.40858254077572798     
   960.00000000000000       0.20654041494540942       0.42261022764460077     
   965.00000000000000       0.17518135061901477       0.43437553592588657     
   970.00000000000000       0.14320163917788584       0.44383811555127933     
   975.00000000000000       0.11076871861540719       0.45096963602583268     
   980.00000000000000        7.8050896152156782E-002  0.45575382750855048     
   985.00000000000000        4.5216487470633948E-002  0.45818646039279565     
   990.00000000000000        1.2432963252129361E-002  0.45827526401487911     
   995.00000000000000       -2.0133892719422182E-002  0.45603978542244478     
   1000.0000000000000       -5.2320809716803418E-002  0.45151118943022067     
   1005.0000000000000       -8.3967836437654389E-002  0.44473200147790326     
   1010.0000000000000      -0.11491912366189354       0.43575579508201440     
   1015.0000000000000      -0.14502367943258354       0.42464682593919201     
   1020.0000000000000      -0.17413609316584555       0.41147961499129393     
   1025.0000000000000      -0.20211722528362949       0.39633848300175684     
   1030.0000000000000      -0.22883485916701321       0.37931703941672468     
   1035.0000000000000      -0.25416431244606724       0.36051762849258789     
   1040.0000000000000      -0.27798900487394779       0.34005073586278362     
   1045.0000000000000      -0.30020098027649045       0.31803435889021525     
   1050.0000000000000      -0.32070138032282269       0.29459334430670292     
   1055.0000000000000      -0.33940086812602116       0.26985869677685609     
   1060.0000000000000      -0.35621999995419712       0.24396686214014104     
   1065.0000000000000      -0.37108954361014751       0.21705898918126182     
   1070.0000000000000      -0.38395074232041154       0.18928017385499585     
   1075.0000000000000      -0.39475552326073288       0.16077868994706851     
   1080.0000000000000      -0.40346665013307542       0.13170521018745887     
   1085.0000000000000      -0.41005781949799947       0.10221202184665833     
   1090.0000000000000      -0.41451370085389283        7.2452240838987200E-002
   1095.0000000000000      -0.41682992073983754        4.2579028330306544E-002
   1100.0000000000000      -0.41701299142033477        1.2744813800657145E-002
   1105.0000000000000      -0.41508018498632648       -1.6899471554077942E-002
   1110.0000000000000      -0.41105935397657428       -4.6205147282952844E-002
   1115.0000000000000      -0.40498869988518593       -7.5026518308735454E-002
   1120.0000000000000      -0.39691649117364991      -0.10322158815217063     
   1125.0000000000000      -0.38690073264794417      -0.13065274731822435     
   1130.0000000000000      -0.37500878829200052      -0.15718743356603176     
   1135.0000000000000      -0.36131695986693818      -0.18269876095479717     
   1140.0000000000000      -0.34591002379005242      -0.20706611474272016     
   1145.0000000000000      -0.32888072899761706      -0.23017570941408994     
   1150.0000000000000      -0.31032925867030803      -0.25192110731988693     
   1155.0000000000000      -0.29036265885870893      -0.27220369563837787     
   1160.0000000000000      -0.26909423718826708      -0.29093311959308493     
   1165.0000000000000      -0.24664293494763856      -0.30802767010488813     
   1170.0000000000000      -0.22313267597112316      -0.32341462430160056     
   1175.0000000000000      -0.19869169581444215      -0.33703053756082724     
   1180.0000000000000      -0.17345185479317438      -0.34882148601895407     
   1185.0000000000000      -0.14754793850452610      -0.35874325873934948     
   1190.0000000000000      -0.12111694948568039      -0.36676149899499505     
   1195.0000000000000       -9.4297393675739458E-002 -0.37285179438339516     
   1200.0000000000000       -6.7228565343332020E-002 -0.37699971575345298     
   1205.0000000000000       -4.0049834118490391E-002 -0.37920080518370736     
   1210.0000000000000       -1.2899937725687630E-002 -0.37946051350758980     
   1215.0000000000000        1.4083716044669060E-002 -0.37779408813294513     
   1220.0000000000000        4.0765734666016157E-002 -0.37422641214868801     
   1225.0000000000000        6.7013410140316199E-002 -0.36879179594998440     
   1230.0000000000000        9.2697368941454569E-002 -0.36153372284357321     
   1235.0000000000000       0.11769219950690411      -0.35250455031569999     
   1240.0000000000000       0.14187705428775341      -0.34176516885557601     
   1245.0000000000000       0.16513622352169946      -0.32938462042632383     
   1250.0000000000000       0.18735967806116313      -0.31543967886211427     
   1255.0000000000000       0.20844357876834774      -0.30001439464379559     
   1260.0000000000000       0.22829075017979450      -0.28319960666499616     
   1265.0000000000000       0.24681111634375597      -0.26509242374576336     
   1270.0000000000000       0.26392209694338281      -0.24579567878065489     
   1275.0000000000000       0.27954896203617469      -0.22541735852231981     
   1280.0000000000000       0.29362514396421979      -0.20407001209952635     
   1285.0000000000000       0.30609250521921727      -0.18187014144997771     
   1290.0000000000000       0.31690156127998187      -0.15893757691281049     
   1295.0000000000000       0.32601165767679513      -0.13539484127323045     
   1300.0000000000000       0.33339110077541445      -0.11136650558219485     
   1305.0000000000000       0.33901724201251665       -8.6978540087402217E-002
   1310.0000000000000       0.34287651555265880       -6.2357663608169557E-002
   1315.0000000000000       0.34496442957324824       -3.7630694666233207E-002
   1320.0000000000000       0.34528551161736182       -1.2923907647347506E-002
   1325.0000000000000       0.34385320868339048        1.1637602784894218E-002
   1330.0000000000000       0.34068974294426113        3.5930545870916188E-002
   1335.0000000000000       0.33582592420633950        5.9834044465311258E-002
   1340.0000000000000       0.32930092042797959        8.3230227307448071E-002
   1345.0000000000000       0.32116198781906596       0.10600480099843899     
   1350.0000000000000       0.31146416223484602       0.12804759895761730     
   1355.0000000000000       0.30026991375897272       0.14925310477165407     
   1360.0000000000000       0.28764876654114818       0.16952094750135122     
   1365.0000000000000       0.27367688611329749       0.18875636667410045     
   1370.0000000000000       0.25843663655411836       0.20687064486307971     
   1375.0000000000000       0.24201611000450127       0.22378150593651100     
   1380.0000000000000       0.22450863115515302       0.23941347725070769     
   1385.0000000000000       0.20601223943227895       0.25369821425818562     
   1390.0000000000000       0.18662915169700087       0.26657478620571040     
   1395.0000000000000       0.16646520834895920       0.27798992180574389     
   1400.0000000000000       0.14562930578402797       0.28789821397721477     
   1405.0000000000000       0.12423281820009265       0.29626228296678053     
   1410.0000000000000       0.10238901177329691       0.30305289737863833     
   1415.0000000000000        8.0212454240064054E-002  0.30824905285838172     
   1420.0000000000000        5.7818422917592122E-002  0.31183800839326903     
   1425.0000000000000        3.5322314177563541E-002  0.31381528040648154     
   1430.0000000000000        1.2839057354720487E-002  0.31418459503542417     
   1435.0000000000000       -9.5174639759693837E-003  0.31295779919280797     
   1440.0000000000000       -3.1634980482221957E-002  0.31015473121312143     
   1445.0000000000000       -5.3403392522503049E-002  0.30580305208515313     
   1450.0000000000000       -7.4715309854269399E-002  0.29993803846253075     
   1455.0000000000000       -9.5466573000284466E-002  0.29260233882786135     
   1460.0000000000000      -0.11555675378610657       0.28384569436112994     
   1465.0000000000000      -0.13488963268867102       0.27372462622874616     
   1470.0000000000000      -0.15337365077359541       0.26230209116523284     
   1475.0000000000000      -0.17092233414663716       0.24964710736433604     
   1480.0000000000000      -0.18745468900179071       0.23583435282966911     
   1485.0000000000000      -0.20289556551395121       0.22094373845628615     
   1490.0000000000000      -0.21717598899698307       0.20505995822332318     
   1495.0000000000000      -0.23023345692747338       0.18827201897358564     
   1500.0000000000000      -0.24201220061946038       0.17067275233833082     
   1505.0000000000000      -0.25246341052501386       0.15235831143419701     
   1510.0000000000000      -0.26154542432871486       0.13342765501402060     
   1515.0000000000000      -0.26922387719981722       0.11398202179401512     
   1520.0000000000000      -0.27547181376317276        9.4124397706362786E-002
   1525.0000000000000      -0.28026976154783217        7.3958978838682979E-002
   1530.0000000000000      -0.28360576586960873        5.3590632820149399E-002
   1535.0000000000000      -0.28547538629979680        3.3124361398356728E-002
   1540.0000000000000      -0.28588165506570595        1.2664766921585753E-002
   1545.0000000000000      -0.28483499791872774       -7.6844746018453376E-003
   1550.0000000000000      -0.28235311819138170       -2.7821131251598682E-002
   1555.0000000000000      -0.27846084494526513       -4.7644921204082889E-002
   1560.0000000000000      -0.27318994628620014       -6.7058004536594648E-002
   1565.0000000000000      -0.26657890909029758       -8.5965458454517585E-002
   1570.0000000000000      -0.25867268654434544      -0.10427573367354800     
   1575.0000000000000      -0.24952241505513903      -0.12190108980381631     
   1580.0000000000000      -0.23918510222441505      -0.13875800770760516     
   1585.0000000000000      -0.22772328771827161      -0.15476757693642060     
   1590.0000000000000      -0.21520467898178247      -0.16985585649568313     
   1595.0000000000000      -0.20170176386040994      -0.18395420733548695     
   1600.0000000000000      -0.18729140228931299      -0.19699959512289122     
   1605.0000000000000      -0.17205439929934044      -0.20893486201420888     
   1610.0000000000000      -0.15607506166403703      -0.21970896631387019     
   1615.0000000000000      -0.13944074057510134      -0.22927718907875236     
   1620.0000000000000      -0.12224136278420192      -0.23760130690249259     
   1625.0000000000000      -0.10456895268673537      -0.24464973029230178     
   1630.0000000000000       -8.6517147847911882E-002 -0.25039760723026111     
   1635.0000000000000       -6.8180710483470394E-002 -0.25482689169108474     
   1640.0000000000000       -4.9655037406398414E-002 -0.25792637706794980     
   1645.0000000000000       -3.1035670937384151E-002 -0.25969169463633512     
   1650.0000000000000       -1.2417813250528252E-002 -0.26012527736195507     
   1655.0000000000000        6.1041534126593591E-003 -0.25923628953198080     
   1660.0000000000000        2.4437138278466192E-002 -0.25704052285793144     
   1665.0000000000000        4.2489803005035902E-002 -0.25356025986307446     
   1670.0000000000000        6.0173009828322584E-002 -0.24882410552611881     
   1675.0000000000000        7.7400254727144777E-002 -0.24286678830563080     
   1680.0000000000000        9.4088083538953399E-002 -0.23572893181525709     
   1685.0000000000000       0.11015648906201501      -0.22745679855780693     
   1690.0000000000000       0.12552928729287691      -0.21810200725589426     
   1695.0000000000000       0.14013447106955848      -0.20772122543759386     
   1700.0000000000000       0.15390453952022784      -0.19637583904687131     
   1705.0000000000000       0.16677680185344590      -0.18413160094993830     
   1710.0000000000000       0.17869365416864141      -0.17105826029971868     
   1715.0000000000000       0.18960282811354642      -0.15722917480091933     
   1720.0000000000000       0.19945761036807153      -0.14272090798747325     
   1725.0000000000000       0.20821703209072132      -0.12761281368208791     
   1730.0000000000000       0.21584602762331667      -0.11198660985411446     
   1735.0000000000000       0.22231556191166146       -9.5925944126791438E-002
   1740.0000000000000       0.22760272626303635       -7.9515953208049703E-002
   1745.0000000000000       0.23169080222517041       -6.2842818530472147E-002
   1750.0000000000000       0.23456929353481104       -4.5993320385717996E-002
   1755.0000000000000       0.23623392624634235       -2.9054392826858521E-002
   1760.0000000000000       0.23668661731129556       -1.2112681588777935E-002
   1765.0000000000000       0.23593541203723989        4.7458927577059846E-003
   1770.0000000000000       0.23399439100867245        2.1436564247787768E-002
   1775.0000000000000       0.23088354720238785        3.7876141446528185E-002
   1780.0000000000000       0.22662863417467666        5.3983415806754503E-002
   1785.0000000000000       0.22126098633688271        6.9679556489258859E-002
   1790.0000000000000       0.21481731246869726        8.4888489759007923E-002
   1795.0000000000000       0.20733946374444473        9.9537261165373175E-002
   1800.0000000000000       0.19887417766596027       0.11355637881696740     
   1805.0000000000000       0.18947279940592329       0.12688013617194152     
   1810.0000000000000       0.17919098216721382       0.13944691288192795     
   1815.0000000000000       0.16808836825654974       0.15119945235156027     
   1820.0000000000000       0.15622825265395615       0.16208511480497148     
   1825.0000000000000       0.14367723093316379       0.17205610478516781     
   1830.0000000000000       0.13050483345154976       0.18106967215096795     
   1835.0000000000000       0.11678314778148093       0.18908828577854966     
   1840.0000000000000       0.10258643139770894       0.19607977931980142     
   1845.0000000000000        8.7990716667684737E-002  0.20201746851688210     
   1850.0000000000000        7.3073410213218171E-002  0.20688023972087435     
   1855.0000000000000        5.7912888722799954E-002  0.21065260941142164     
   1860.0000000000000        4.2588093294156318E-002  0.21332475466300332     
   1865.0000000000000        2.7178124376316747E-002  0.21489251465126535     
   1870.0000000000000        1.1761839359778850E-002  0.21535736343886291     
   1875.0000000000000       -3.5825451675498467E-003  0.21472635442384297     
   1880.0000000000000       -1.8777844521825252E-002  0.21301203697400123     
   1885.0000000000000       -3.3748288455892304E-002  0.21023234590720338     
   1890.0000000000000       -4.8419893256680543E-002  0.20641046460970447     
   1895.0000000000000       -6.2720821609819719E-002  0.20157466271139993     
   1900.0000000000000       -7.6581728511284447E-002  0.19575810935810367     
   1905.0000000000000       -8.9936091591297576E-002  0.18899866323579925     
   1910.0000000000000      -0.10272052430870131       0.18133864060982460     
   1915.0000000000000      -0.11487507057401056       0.17282456274264765     
   1920.0000000000000      -0.12634347946582239       0.16350688414680314     
   1925.0000000000000      -0.13707345881757818       0.15343970321430420     
   1930.0000000000000      -0.14701690656924163       0.14268045684004591     
   1935.0000000000000      -0.15613011890062087       0.13128960072406812     
   1940.0000000000000      -0.16437397428917319       0.11933027709577830     
   1945.0000000000000      -0.17171409276451108       0.10686797165214025     
   1950.0000000000000      -0.17812096976379385        9.3970161541224465E-002
   1955.0000000000000      -0.18357008412604872        8.0705956252297414E-002
   1960.0000000000000      -0.18804197989852700        6.7145733293707960E-002
   1965.0000000000000      -0.19152232176376749        5.3360770550206466E-002
   1970.0000000000000      -0.19400192403141542        3.9422877212027946E-002
   1975.0000000000000      -0.19547675327335670        2.5404025159164643E-002
   1980.0000000000000      -0.19594790481368585        1.1375982665878397E-002
   1985.0000000000000      -0.19542155341578313       -2.5900477371761108E-003
   1990.0000000000000      -0.19390887863667866       -1.6423785442601143E-002
   1995.0000000000000      -0.19142596544331078       -3.0056220232635510E-002
   2000.0000000000000      -0.18799368080563955       -4.3419951331302269E-002
   2005.0000000000000      -0.18363752709727216       -5.6449515403607251E-002
   2010.0000000000000      -0.17838747324476556       -6.9081701933093001E-002
   2015.0000000000000      -0.17227776467155356       -8.1255854486430135E-002
   2020.0000000000000      -0.16534671318103625       -9.2914156458008296E-002
   2025.0000000000000      -0.15763646801531858      -0.10400189997818075     
   2030.0000000000000      -0.14919276941097304      -0.11446773676541173     
   2035.0000000000000      -0.14006468605067271      -0.12426390980453003     
   2040.0000000000000      -0.13030433787925363      -0.13334646484004264     
   2045.0000000000000      -0.11996660581444181      -0.14167544078443023     
   2050.0000000000000      -0.10910882993586805      -0.14921503825592838     
   2055.0000000000000       -9.7790497780900265E-002 -0.15593376557789013     
   2060.0000000000000       -8.6072924412085930E-002 -0.16180456169179275     
   2065.0000000000000       -7.4018925948514641E-002 -0.16680489555768110     
   2070.0000000000000       -6.1692488272107202E-002 -0.17091684173868682     
   2075.0000000000000       -4.9158432629706234E-002 -0.17412713198960128     
   2080.0000000000000       -3.6482079852896789E-002 -0.17642718279267966     
   2085.0000000000000       -2.3728914909802789E-002 -0.17781309890628727     
   2090.0000000000000       -1.0964253486795575E-002 -0.17828565311306049     
   2095.0000000000000        1.7470877267279886E-003 -0.17785024247333073     
   2100.0000000000000        1.4341115410391363E-002 -0.17651682150607495     
   2105.0000000000000        2.6754977042686198E-002 -0.17429981283303347     
   2110.0000000000000        3.8927269838440887E-002 -0.17121799593132936     
   2115.0000000000000        5.0798339700012733E-002 -0.16729437474541212     
   2120.0000000000000        6.2310568751684781E-002 -0.16255602500992725     
   2125.0000000000000        7.3408650096838002E-002 -0.15703392223071622     
   2130.0000000000000        8.4039848513860135E-002 -0.15076275136113598     
   2135.0000000000000        9.4154245888999982E-002 -0.14378069929484291     
   2140.0000000000000       0.10370497027201551      -0.13612923137374630     
   2145.0000000000000       0.11264840753300609      -0.12785285318065162     
   2150.0000000000000       0.12094439469574880      -0.11899885894989159     
   2155.0000000000000       0.12855639412365208      -0.10961706798571663     
   2160.0000000000000       0.13545164783854796       -9.9759550527158458E-002
   2165.0000000000000       0.14160131135941720       -8.9480344539316498E-002
   2170.0000000000000       0.14698056655720418       -7.8835164944390052E-002
   2175.0000000000000       0.15156871313257311       -6.7881106831202173E-002
   2180.0000000000000       0.15534923843519138       -5.6676344199359449E-002
   2185.0000000000000       0.15830986545534245       -4.5279825803556752E-002
   2190.0000000000000       0.16044257893078140       -3.3750969664879803E-002
   2195.0000000000000       0.16174362962319269       -2.2149357809349252E-002
   2200.0000000000000       0.16221351692882796       -1.0534432779485495E-002
   2205.0000000000000       0.16185695009634979        1.0348025575058193E-003
   2210.0000000000000       0.16068278843103675        1.2500080411040429E-002
   2215.0000000000000       0.15870396096781642        2.3804157221102476E-002
   2220.0000000000000       0.15593736619557158        3.4891095152085001E-002
   2225.0000000000000       0.15240375251133584        4.5706534564668680E-002
   2230.0000000000000       0.14812758017491023        5.6197956161245670E-002
   2235.0000000000000       0.14313686562165109        6.6314931563882587E-002
   2240.0000000000000       0.13746300907330869        7.6009361153052776E-002
   2245.0000000000000       0.13114060646345679        8.5235698069956914E-002
   2250.0000000000000       0.12420724676490985        9.3951157364763407E-002
   2255.0000000000000       0.11670329587125695       0.10211590935709622     
   2260.0000000000000       0.10867166824298667       0.10969325636310959     
   2265.0000000000000       0.10015758758038409       0.11664979203503859     
   2270.0000000000000        9.1208337830245650E-002  0.12295554265370540     
   2275.0000000000000        8.1873005871317114E-002  0.12858408981158939     
   2280.0000000000000        7.2202217254073386E-002  0.13351267402322051     
   2285.0000000000000        6.2247866393937500E-002  0.13772227890030778     
   2290.0000000000000        5.2062842633221126E-002  0.14119769563065002     
   2295.0000000000000        4.1700753595939007E-002  0.14392756760196257     
   2300.0000000000000        3.1215647261224784E-002  0.14590441511377839     
   2305.0000000000000        2.0661734175406957E-002  0.14712464022202348     
   2310.0000000000000        1.0093111209985878E-002  0.14758851186121560     
   2315.0000000000000       -4.3651174709351172E-004  0.14730013148799403     
   2320.0000000000000       -1.0874080806187276E-002  0.14626737958636724     
   2325.0000000000000       -2.1167461469411550E-002  0.14450184346919712     
   2330.0000000000000       -3.1265695115335612E-002  0.14201872690155853     
   2335.0000000000000       -4.1119247333443139E-002  0.13883674215929701     
   2340.0000000000000       -5.0680246918810727E-002  0.13497798521992804     
   2345.0000000000000       -5.9902714394956390E-002  0.13046779486259541     
   2350.0000000000000       -6.8742778995563344E-002  0.12533459652876189     
   2355.0000000000000       -7.7158883103422546E-002  0.11960973186530591     
   2360.0000000000000       -8.5111973217077946E-002  0.11332727493642281     
   2365.0000000000000       -9.2565676591894852E-002  0.10652383614990749     
   2370.0000000000000       -9.9486462782185883E-002   9.9238354996761646E-002
   2375.0000000000000      -0.10584378939417993        9.1511882750411583E-002
   2380.0000000000000      -0.11161023144556301        8.3387356312948233E-002
   2385.0000000000000      -0.11676159381559191        7.4909364430555347E-002
   2390.0000000000000      -0.12127700635991698        6.6123907528553683E-002
   2395.0000000000000      -0.12513900135577755        5.7078152438169057E-002
   2400.0000000000000      -0.12833357303567172        4.7820183302178604E-002
   2405.0000000000000      -0.13085021906048244        3.8398749954980181E-002
   2410.0000000000000      -0.13268196387587922        2.8863015074382003E-002
   2415.0000000000000      -0.13382536398815326        1.9262301397567422E-002
   2420.0000000000000      -0.13428049528700092        9.6458402823374444E-003
   2425.0000000000000      -0.13405092263271212        6.2522876982192048E-005
   2430.0000000000000      -0.13314365201328177       -9.4393448618730197E-003
   2435.0000000000000      -0.13156906566273324       -1.8812282094185000E-002
   2440.0000000000000      -0.12934084061498929       -2.8009866790870308E-002
   2445.0000000000000      -0.12647585124756583       -3.6986962065940487E-002
   2450.0000000000000      -0.12299405644580683       -4.5699934061675704E-002
   2455.0000000000000      -0.11891837209097370       -5.4106860354199746E-002
   2460.0000000000000      -0.11427452964391192       -6.2167727903693223E-002
   2465.0000000000000      -0.10909092165993048       -6.9844619634817057E-002
   2470.0000000000000      -0.10339843512966033       -7.7101888798366838E-002
   2475.0000000000000       -9.7230273594747646E-002  -8.3906320334372883E-002
   2480.0000000000000       -9.0621769036055649E-002  -9.0227278529419655E-002
   2485.0000000000000       -8.3610184575390226E-002  -9.6036840336481008E-002
   2490.0000000000000       -7.6234509069459624E-002 -0.10130991380365170     
   2495.0000000000000       -6.8535244706682680E-002 -0.10602434113837883     
   2500.0000000000000       -6.0554188743459865E-002 -0.11016098601573596     
   2505.0000000000000       -5.2334210536537432E-002 -0.11370380482250798     
   2510.0000000000000       -4.3919025042076586E-002 -0.11663990161293170     
   2515.0000000000000       -3.5352963959964998E-002 -0.11895956663643412     
   2520.0000000000000       -2.6680745703792239E-002 -0.12065629838219480     
   2525.0000000000000       -1.7947245372792391E-002 -0.12172680916940004     
   2530.0000000000000       -9.1972658920117262E-003 -0.12217101439523764     
   2535.0000000000000       -4.7531147108444778E-004 -0.12199200563458114     
   2540.0000000000000        8.1746354895708053E-003 -0.12119600786553208     
   2545.0000000000000        1.6709332943431153E-002 -0.11979232117313438     
   2550.0000000000000        2.5086492124188762E-002 -0.11779324735926588     
   2555.0000000000000        3.3264983822080152E-002 -0.11521400195958868     
   2560.0000000000000        4.1205037021115012E-002 -0.11207261223815387     
   2565.0000000000000        4.8868428955264435E-002 -0.10838980179648343     
   2570.0000000000000        5.6218665693212641E-002 -0.10418886249638547     
   2575.0000000000000        6.3221152416894355E-002  -9.9495514454112907E-002
   2580.0000000000000        6.9843352618416857E-002  -9.4337754917492592E-002
   2585.0000000000000        7.6054935502766596E-002  -8.8745696887090691E-002
   2590.0000000000000        8.1827910949578905E-002  -8.2751398387134079E-002
   2595.0000000000000        8.7136751455844041E-002  -7.6388683331584800E-002
   2600.0000000000000        9.1958500552364514E-002  -6.9692954965314025E-002
   2605.0000000000000        9.6272867259685771E-002  -6.2701002889604424E-002
   2610.0000000000000       0.10006230622370946       -5.5450804705128864E-002
   2615.0000000000000       0.10331208324687410       -4.7981323324026860E-002
   2620.0000000000000       0.10601032600725858       -4.0332301015687293E-002
   2625.0000000000000       0.10814805983483586       -3.2544051258322104E-002
   2630.0000000000000       0.10971922849098056       -2.4657249470393796E-002
   2635.0000000000000       0.11072069997383133       -1.6712723692474458E-002
   2640.0000000000000       0.11115225744783543       -8.7512462812315318E-003
   2645.0000000000000       0.11101657547038794       -8.1332766304459847E-004
   2650.0000000000000       0.11031918176154736        7.0609868246220625E-003
   2655.0000000000000       0.10906840483400998        1.4832316000394159E-002
   2660.0000000000000       0.10727530786950876        2.2462136840320217E-002
   2665.0000000000000       0.10495360929424132        2.9912972472971807E-002
   2670.0000000000000       0.10211959056950590        3.7148573266396083E-002
   2675.0000000000000        9.8791991774143190E-002   4.4134090147726623E-002
   2680.0000000000000        9.4991895612356506E-002   5.0836239342970269E-002
   2685.0000000000000        9.0742600533765150E-002   5.7223457774921480E-002
   2690.0000000000000        8.6069483701885038E-002   6.3266048411021500E-002
   2695.0000000000000        8.0999854592421289E-002   6.8936314909977994E-002
   2700.0000000000000        7.5562800043597597E-002   7.4208684975772612E-002
   2705.0000000000000        6.9789021617071012E-002   7.9059821889986101E-002
   2710.0000000000000        6.3710666159643464E-002   8.3468723757820024E-002
   2715.0000000000000        5.7361150482856733E-002   8.7416810069455272E-002
   2720.0000000000000        5.0774981099556908E-002   9.0887995246094894E-002
   2725.0000000000000        4.3987569973564303E-002   9.3868748908853342E-002
   2730.0000000000000        3.7035047250640135E-002   9.6348142678203033E-002
   2735.0000000000000        2.9954071945985917E-002   9.8317883381622603E-002
   2740.0000000000000        2.2781641565551423E-002   9.9772332617047030E-002
   2745.0000000000000        1.5554901635494790E-002  0.10070851268934571     
   2750.0000000000000        8.3109561062898359E-003  0.10112609900599646     
   2755.0000000000000        1.0866795852958432E-003  0.10102739908604436     
   2760.0000000000000       -6.0814676658043718E-003  0.10041731840299023     
   2765.0000000000000       -1.3157621054299832E-002   9.9303313347125152E-002
   2770.0000000000000       -2.0106688412538234E-002   9.7695331655698658E-002
   2775.0000000000000       -2.6894521329594700E-002   9.5605740719874016E-002
   2780.0000000000000       -3.3488080236129397E-002   9.3049244235401743E-002
   2785.0000000000000       -3.9855592458729772E-002   9.0042787719058326E-002
   2790.0000000000000       -4.5966702502365911E-002   8.6605453464893067E-002
   2795.0000000000000       -5.1792613865317229E-002   8.2758345562972319E-002
   2800.0000000000000       -5.7306221739795792E-002   7.8524465648379213E-002
   2805.0000000000000       -6.2482236003220788E-002   7.3928580089530974E-002
   2810.0000000000000       -6.7297293959403010E-002   6.8997079362228153E-002
   2815.0000000000000       -7.1730062345482418E-002   6.3757830389102321E-002
   2820.0000000000000       -7.5761328179014875E-002   5.8240022653140697E-002
   2825.0000000000000       -7.9374078079820221E-002   5.2474008918636038E-002
   2830.0000000000000       -8.2553565762752981E-002   4.6491141413137808E-002
   2835.0000000000000       -8.5287367460127064E-002   4.0323604339712812E-002
   2840.0000000000000       -8.7565425095780858E-002   3.4004243600011780E-002
   2845.0000000000000       -8.9380077096389982E-002   2.7566394615267397E-002
   2850.0000000000000       -9.0726076789290913E-002   2.1043709134423889E-002
   2855.0000000000000       -9.1600598399450839E-002   1.4469981916147087E-002
   2860.0000000000000       -9.2003230720983958E-002   7.8789781645369952E-003
   2865.0000000000000       -9.1935958600464496E-002   1.3042625870370995E-003
   2870.0000000000000       -9.1403132429909786E-002  -5.2209690726005295E-003
   2875.0000000000000       -9.0411425906412116E-002  -1.1664055193260707E-002
   2880.0000000000000       -8.8969782372695733E-002  -1.7993029318167805E-002
   2885.0000000000000       -8.7089350108088687E-002  -2.4176776297970871E-002
   2890.0000000000000       -8.4783406992270605E-002  -3.0185182785340364E-002
   2895.0000000000000       -8.2067275014435212E-002  -3.5989281366241632E-002
   2900.0000000000000       -7.8958225147958763E-002  -4.1561387651413102E-002
   2905.0000000000000       -7.5475373155076395E-002  -4.6875229693041025E-002
   2910.0000000000000       -7.1639566927237400E-002  -5.1906069135953220E-002
   2915.0000000000000       -6.7473266004559607E-002  -5.6630813559601395E-002
   2920.0000000000000       -6.3000413951964415E-002  -6.1028119516404113E-002
   2925.0000000000000       -5.8246304300011591E-002  -6.5078485823412496E-002
   2930.0000000000000       -5.3237440785039475E-002  -6.8764336717457228E-002
   2935.0000000000000       -4.8001392645852230E-002  -7.2070094538655677E-002
   2940.0000000000000       -4.2566645752797623E-002  -7.4982241663109378E-002
   2945.0000000000000       -3.6962450359591052E-002  -7.7489371462513043E-002
   2950.0000000000000       -3.1218666278620077E-002  -7.9582228125926649E-002
   2955.0000000000000       -2.5365606286695690E-002  -8.1253735236838917E-002
   2960.0000000000000       -1.9433878570302796E-002  -8.2499013056575282E-002
   2965.0000000000000       -1.3454229017369541E-002  -8.3315384522779284E-002
   2970.0000000000000       -7.4573841564675386E-003  -8.3702370028840761E-002
   2975.0000000000000       -1.4738955342390300E-003  -8.3661671106462054E-002
   2980.0000000000000        4.4660136921923117E-003  -8.3197143188774539E-002
   2985.0000000000000        1.0332599188927935E-002  -8.2314757685267359E-002
   2990.0000000000000        1.6096742167772290E-002  -8.1022553652007195E-002
   2995.0000000000000        2.1730091685243647E-002  -7.9330579390962275E-002
   3000.0000000000000        2.7205201834384116E-002  -7.7250824360457604E-002
   3005.0000000000000        3.2495663177362966E-002  -7.4797141824651525E-002
   3010.0000000000000        3.7576227801630335E-002  -7.1985162713228287E-002
   3015.0000000000000        4.2422927419974617E-002  -6.8832201203045548E-002
   3020.0000000000000        4.7013183975050270E-002  -6.5357152571081059E-002
   3025.0000000000000        5.1325912251549387E-002  -6.1580383902520942E-002
   3030.0000000000000        5.5341614043951215E-002  -5.7523618269075885E-002
   3035.0000000000000        5.9042463474455568E-002  -5.3209813020470342E-002
   3040.0000000000000        6.2412383104034845E-002  -4.8663032856411478E-002
   3045.0000000000000        6.5437110529265360E-002  -4.3908318367114292E-002
   3050.0000000000000        6.8104255208461112E-002  -3.8971550747563796E-002
   3055.0000000000000        7.0403345312357438E-002  -3.3879313404078154E-002
   3060.0000000000000        7.2325864446919061E-002  -2.8658751181361936E-002
   3065.0000000000000        7.3865278148495098E-002  -2.3337427944090449E-002
   3070.0000000000000        7.5017050104250735E-002  -1.7943183249145466E-002
   3075.0000000000000        7.5778648103302509E-002  -1.2503988842952772E-002
   3080.0000000000000        7.6149539776003111E-002  -7.0478057129922337E-003
   3085.0000000000000        7.6131178230107621E-002  -1.6024424135204572E-003
   3090.0000000000000        7.5726977742849519E-002   3.8045846270573151E-003
   3095.0000000000000        7.4942279717016308E-002   9.1461881258131459E-003
   3100.0000000000000        7.3784309156700575E-002   1.4395843620018150E-002
   3105.0000000000000        7.2262121964289272E-002   1.9527719147750124E-002
   3110.0000000000000        7.0386543404217419E-002   2.4516800310966959E-002
   3115.0000000000000        6.8170098120850106E-002   2.9339010126356396E-002
   3120.0000000000000        6.5626932137373833E-002   3.3971323100773512E-002
   3125.0000000000000        6.2772727299592893E-002   3.8391873002164373E-002
   3130.0000000000000        5.9624608662874432E-002   4.2580053833354010E-002
   3135.0000000000000        5.6201045352013451E-002   4.6516613554741557E-002
   3140.0000000000000        5.2521745452361789E-002   5.0183740142583866E-002
   3145.0000000000000        4.8607545516064700E-002   5.3565139611933862E-002
   3150.0000000000000        4.4480295289568005E-002   5.6646105677205849E-002
   3155.0000000000000        4.0162738287616739E-002   5.9413580768528380E-002
   3160.0000000000000        3.5678388854689817E-002   6.1856208168277402E-002
   3165.0000000000000        3.1051406367156358E-002   6.3964375079214403E-002
   3170.0000000000000        2.6306467238361931E-002   6.5730246483241661E-002
   3175.0000000000000        2.1468635394342520E-002   6.7147789697682050E-002
   3180.0000000000000        1.6563231889921048E-002   6.8212789583949759E-002
   3185.0000000000000        1.1615704333585350E-002   6.8922854411258380E-002
   3190.0000000000000        6.6514967848131205E-003   6.9277412425368542E-002
   3195.0000000000000        1.6959207794512634E-003   6.9277699219078767E-002
   3200.0000000000000       -3.2259718725558958E-003   6.8926736046974482E-002
   3205.0000000000000       -8.0895138872784083E-003   6.8229299271647129E-002
   3210.0000000000000       -1.2870544292494407E-002   6.7191881171963314E-002
   3215.0000000000000       -1.7545526607214982E-002   6.5822642385792718E-002
   3220.0000000000000       -2.2091662846622187E-002   6.4131356299692341E-002
   3225.0000000000000       -2.6487002810017687E-002   6.2129345736209686E-002
   3230.0000000000000       -3.0710548137923351E-002   5.9829412325526667E-002
   3235.0000000000000       -3.4742350655380408E-002   5.7245758981958890E-002
   3240.0000000000000       -3.8563604551584370E-002   5.4393905937195557E-002
   3245.0000000000000       -4.2156731981081504E-002   5.1290600810978214E-002
   3250.0000000000000       -4.5505461708645771E-002   4.7953723226046067E-002
   3255.0000000000000       -4.8594900458448248E-002   4.4402184497512924E-002
   3260.0000000000000       -5.1411596668017104E-002   4.0655822947289942E-002
   3265.0000000000000       -5.3943596388550792E-002   3.6735295411652963E-002
   3270.0000000000000       -5.6180491115170705E-002   3.2661965524506342E-002
   3275.0000000000000       -5.8113457373462817E-002   2.8457789370273479E-002
   3280.0000000000000       -5.9735287931935388E-002   2.4145199108612077E-002
   3285.0000000000000       -6.1040414553591223E-002   1.9746985178298131E-002
   3290.0000000000000       -6.2024922243450374E-002   1.5286177689643580E-002
   3295.0000000000000       -6.2686554992344504E-002   1.0785927613728588E-002
   3300.0000000000000       -6.3024713060416557E-002   6.2693883725686225E-003
   3305.0000000000000       -6.3040441886283619E-002   1.7595984271499793E-003
   3310.0000000000000       -6.2736412749546236E-002  -2.7206345498853946E-003
   3315.0000000000000       -6.2116895355050675E-002  -7.1488473431658437E-003
   3320.0000000000000       -6.1187722546829415E-002  -1.1503032147225263E-002
   3325.0000000000000       -5.9956247397778002E-002  -1.5761744263478393E-002
   3330.0000000000000       -5.8431292957679508E-002  -1.9904206023275542E-002
   3335.0000000000000       -5.6623094977002353E-002  -2.3910406442332048E-002
   3340.0000000000000       -5.4543237956801480E-002  -2.7761196137691839E-002
   3345.0000000000000       -5.2204584905902025E-002  -3.1438377066403525E-002
   3350.0000000000000       -4.9621201215196142E-002  -3.4924786675103847E-002
   3355.0000000000000       -4.6808273085215686E-002  -3.8204376081545574E-002
   3360.0000000000000       -4.3782020967035998E-002  -4.1262281942599406E-002
   3365.0000000000000       -4.0559608497924914E-002  -4.4084891698217034E-002
   3370.0000000000000       -3.7159047431885500E-002  -4.6659901917077307E-002
   3375.0000000000000       -3.3599099081280052E-002  -4.8976369506952645E-002
   3380.0000000000000       -2.9899172799008163E-002  -5.1024755591031513E-002
   3385.0000000000000       -2.6079222041198665E-002  -5.2796961890313451E-002
   3390.0000000000000       -2.2159638558035721E-002  -5.4286359491552534E-002
   3395.0000000000000       -1.8161145265157080E-002  -5.5487809919859681E-002
   3400.0000000000000       -1.4104688350039129E-002  -5.6397678474780798E-002
   3405.0000000000000       -1.0011329166931393E-002  -5.7013839828244754E-002
   3410.0000000000000       -5.9021364702522804E-003  -5.7335675922021601E-002
   3415.0000000000000       -1.7980795299499786E-003  -5.7364066241053641E-002
   3420.0000000000000        2.2800773367768717E-003  -5.7101370577025252E-002
   3425.0000000000000        6.3118782947444779E-003  -5.6551404433636945E-002
   3430.0000000000000        1.0277277072671558E-002  -5.5719407261065300E-002
   3435.0000000000000        1.4156735106071678E-002  -5.4612003741846535E-002
   3440.0000000000000        1.7931316268628306E-002  -5.3237158383756651E-002
   3445.0000000000000        2.1582777740859097E-002  -5.1604123707014345E-002
   3450.0000000000000        2.5093656588310056E-002  -4.9723382343159164E-002
   3455.0000000000000        2.8447351646923361E-002  -4.7606583391118340E-002
   3460.0000000000000        3.1628200340448595E-002  -4.5266473402144604E-002
   3465.0000000000000        3.4621550083663431E-002  -4.2716822389368324E-002
   3470.0000000000000        3.7413823955574431E-002  -3.9972345279556967E-002
   3475.0000000000000        3.9992580358515099E-002  -3.7048619244219788E-002
   3480.0000000000000        4.2346566411975192E-002  -3.3961997364359127E-002
   3485.0000000000000        4.4465764863903308E-002  -3.0729519097881745E-002
   3490.0000000000000        4.6341434336946194E-002  -2.7368818030893201E-002
   3495.0000000000000        4.7966142762438303E-002  -2.3898027403763414E-002
   3500.0000000000000        4.9333793890750259E-002  -2.0335683909945293E-002
   3505.0000000000000        5.0439646802658569E-002  -1.6700630270037001E-002
   3510.0000000000000        5.1280328382528023E-002  -1.3011917085500695E-002
   3515.0000000000000        5.1853838750117197E-002  -9.2887044757990929E-003
   3520.0000000000000        5.2159549683545380E-002  -5.5501639995110055E-003
   3525.0000000000000        5.2198196101217356E-002  -1.8153813542764793E-003
   3530.0000000000000        5.1971860705116175E-002   1.8967396577488495E-003
   3535.0000000000000        5.1483951921672974E-002   5.5675714228193406E-003
   3540.0000000000000        5.0739175309243288E-002   9.1788546036865107E-003
   3545.0000000000000        4.9743498632901707E-002   1.2712787574760539E-002
   3550.0000000000000        4.8504110837662248E-002   1.6152112773532713E-002
   3555.0000000000000        4.7029375180195836E-002   1.9480199556756238E-002
   3560.0000000000000        4.5328776806514044E-002   2.2681123171115165E-002
   3565.0000000000000        4.3412865088795945E-002   2.5739739471140995E-002
   3570.0000000000000        4.1293191058433959E-002   2.8641755041832369E-002
   3575.0000000000000        3.8982240294361918E-002   3.1373792409654169E-002
   3580.0000000000000        3.6493361645707358E-002   3.3923450053194033E-002
   3585.0000000000000        3.3840692185696075E-002   3.6279356953584592E-002
   3590.0000000000000        3.1039078809459077E-002   3.8431221454700654E-002
   3595.0000000000000        2.8103996901886301E-002   4.0369874233953669E-002
   3600.0000000000000        2.5051466512891515E-002   4.2087305216064859E-002
   3605.0000000000000        2.1897966486358767E-002   4.3576694294339004E-002
   3610.0000000000000        1.8660346995607788E-002   4.4832435756513189E-002
   3615.0000000000000        1.5355740942431584E-002   4.5850156345051740E-002
   3620.0000000000000        1.2001474678621806E-002   4.6626726914631544E-002
   3625.0000000000000        8.6149785084164068E-003   4.7160267682342244E-002
   3630.0000000000000        5.2136974275040797E-003   4.7450147098650745E-002
   3635.0000000000000        1.8150025491325862E-003   4.7496974399282688E-002
   3640.0000000000000       -1.5638963394596372E-003   4.7302585929700020E-002
   3645.0000000000000       -4.9060366565817169E-003   4.6870025364644415E-002
   3650.0000000000000       -8.1947869195218796E-003   4.6203517975124807E-002
   3655.0000000000000       -1.1413928243466841E-002   4.5308439124107251E-002
   3660.0000000000000       -1.4547733053128627E-002   4.4191277199880447E-002
   3665.0000000000000       -1.7581040631781820E-002   4.2859591222487892E-002
   3670.0000000000000       -2.0499329151650744E-002   4.1321963383619278E-002
   3675.0000000000000       -2.3288783850464654E-002   3.9587946803818545E-002
   3680.0000000000000       -2.5936361041397644E-002   3.7668008812693374E-002
   3685.0000000000000       -2.8429847667404671E-002   3.5573470077902618E-002
   3690.0000000000000       -3.0757916136020792E-002   3.3316439926964411E-002
   3695.0000000000000       -3.2910174196871755E-002   3.0909748222296161E-002
   3700.0000000000000       -3.4877209651306376E-002   2.8366874164298037E-002
   3705.0000000000000       -3.6650629711560322E-002   2.5701872409668505E-002
   3710.0000000000000       -3.8223094855545585E-002   2.2929296902449162E-002
   3715.0000000000000       -3.9588347052582080E-002   2.0064122823501580E-002
   3720.0000000000000       -4.0741232264990851E-002   1.7121667070196977E-002
   3725.0000000000000       -4.1677717160302274E-002   1.4117507682038054E-002
   3730.0000000000000       -4.2394899998742068E-002   1.1067402629729934E-002
   3735.0000000000000       -4.2891015690491599E-002   7.9872083848818703E-003
   3740.0000000000000       -4.3165435046826343E-002   4.8927986850743959E-003
   3745.0000000000000       -4.3218658278468165E-002   1.7999839044973334E-003
   3750.0000000000000       -4.3052302823199100E-002  -1.2755685662062006E-003
   3755.0000000000000       -4.2669085612836846E-002  -4.3184125358152288E-003
   3760.0000000000000       -4.2072799916924586E-002  -7.3133994395421648E-003
   3765.0000000000000       -4.1268286926813953E-002  -1.0245752604947219E-002
   3770.0000000000000       -4.0261402269089086E-002  -1.3101138998656402E-002
   3775.0000000000000       -3.9058977661377677E-002  -1.5865738111611651E-002
   3780.0000000000000       -3.7668777946405267E-002  -1.8526307658009812E-002
   3785.0000000000000       -3.6099453761569478E-002  -2.1070245782013986E-002
   3790.0000000000000       -3.4360490121245126E-002  -2.3485649486637176E-002
   3795.0000000000000       -3.2462151207387879E-002  -2.5761369020788415E-002
   3800.0000000000000       -3.0415421680707516E-002  -2.7887057983217688E-002
   3805.0000000000000       -2.8231944839658272E-002  -2.9853218925869646E-002
   3810.0000000000000       -2.5923957967683851E-002  -3.1651244263830855E-002
   3815.0000000000000       -2.3504225220505982E-002  -3.3273452324496321E-002
   3820.0000000000000       -2.0985968414715638E-002  -3.4713118394654484E-002
   3825.0000000000000       -1.8382796086485288E-002  -3.5964500650755911E-002
   3830.0000000000000       -1.5708631194843746E-002  -3.7022860884553595E-002
   3835.0000000000000       -1.2977637847632869E-002  -3.7884479963439785E-002
   3840.0000000000000       -1.0204147429994306E-002  -3.8546667992017829E-002
   3845.0000000000000       -7.4025845150229013E-003  -3.9007769168598508E-002
   3850.0000000000000       -4.5873929340884490E-003  -3.9267161357261715E-002
   3855.0000000000000       -1.7729623802973172E-003  -3.9325250422740973E-002
   3860.0000000000000        1.0264440873244333E-003  -3.9183459401538119E-002
   3865.0000000000000        3.7967612790476505E-003  -3.8844212608230635E-002
   3870.0000000000000        6.5241914986397323E-003  -3.8310914800768515E-002
   3875.0000000000000        9.1952722172884849E-003  -3.7587925552553254E-002
   3880.0000000000000        1.1796941470774105E-002  -3.6680529002132714E-002
   3885.0000000000000        1.4316600667742371E-002  -3.5594899173323771E-002
   3890.0000000000000        1.6742174512721204E-002  -3.4338061079389276E-002
   3895.0000000000000        1.9062167764680393E-002  -3.2917847844446804E-002
   3900.0000000000000        2.1265718570360258E-002  -3.1342854093492106E-002
   3905.0000000000000        2.3342648131186680E-002  -2.9622385879192668E-002
   3910.0000000000000        2.5283506483237069E-002  -2.7766407428878644E-002
   3915.0000000000000        2.7079614191310393E-002  -2.5785485008861866E-002
   3920.0000000000000        2.8723099780568435E-002  -2.3690728215294138E-002
   3925.0000000000000        3.0206932752332376E-002  -2.1493729011185465E-002
   3930.0000000000000        3.1524952054317018E-002  -1.9206498837903239E-002
   3935.0000000000000        3.2671889899738002E-002  -1.6841404136434677E-002
   3940.0000000000000        3.3643390854210350E-002  -1.4411100618896684E-002
   3945.0000000000000        3.4436026134041113E-002  -1.1928466634209024E-002
   3950.0000000000000        3.5047303084278981E-002  -9.4065359735046161E-003
   3955.0000000000000        3.5475669829593430E-002  -6.8584304607432443E-003
   3960.0000000000000        3.5720515115588582E-002  -4.2972926721361812E-003
   3965.0000000000000        3.5782163382392915E-002  -1.7362191244045639E-003
   3970.0000000000000        3.5661865136181199E-002   8.1180573338391889E-004
   3975.0000000000000        3.5361782707565757E-002   3.3339743965857542E-003
   3980.0000000000000        3.4884971508423360E-002   5.8177197310788232E-003
   3985.0000000000000        3.4235356920597142E-002   8.2507766394844442E-003
   3990.0000000000000        3.3417706970920356E-002   1.0621241669873516E-002
   3995.0000000000000        3.2437600967055058E-002   1.2917630282287547E-002
   4000.0000000000000        3.1301394287629895E-002   1.5128931502709286E-002
   4005.0000000000000        3.0016179538007944E-002   1.7244659709670571E-002
   4010.0000000000000        2.8589744299639109E-002   1.9254903315397035E-002
   4015.0000000000000        2.7030525716278210E-002   2.1150370121165819E-002
   4020.0000000000000        2.5347562174311271E-002   2.2922429145294725E-002
   4025.0000000000000        2.3550442346970915E-002   2.4563148741785262E-002
   4030.0000000000000        2.1649251883285859E-002   2.6065330848001503E-002
   4035.0000000000000        1.9654518032154036E-002   2.7422541220772270E-002
   4040.0000000000000        1.7577152499921343E-002   2.8629135541842776E-002
   4045.0000000000000        1.5428392846257598E-002   2.9680281295561106E-002
   4050.0000000000000        1.3219742727932715E-002   3.0571975343948649E-002
   4055.0000000000000        1.0962911303294881E-002   3.1301057146757148E-002
   4060.0000000000000        8.6697521118398544E-003   3.1865217596642716E-002
   4065.0000000000000        6.3522017432387744E-003   3.2263003462073919E-002
   4070.0000000000000        4.0222186085775618E-003   3.2493817452923165E-002
   4075.0000000000000        1.6917221233739618E-003   3.2557913945757494E-002
   4080.0000000000000       -6.2746739279053365E-004   3.2456390427533642E-002
   4085.0000000000000       -2.9236878014209946E-003   3.2191174737610913E-002
   4090.0000000000000       -5.1854929241337781E-003   3.1765008208616281E-002
   4095.0000000000000       -7.4017087337521180E-003   3.1181424826631093E-002
   4100.0000000000000       -9.5614876861244251E-003   3.0444726550324444E-002
   4105.0000000000000       -1.1654360933059211E-002   2.9559954946941074E-002
   4110.0000000000000       -1.3670288169728553E-002   2.8532859320378561E-002
   4115.0000000000000       -1.5599704883989932E-002   2.7369861522878989E-002
   4120.0000000000000       -1.7433566790233297E-002   2.6078017657040729E-002
   4125.0000000000000       -1.9163391246489723E-002   2.4664976888858877E-002
   4130.0000000000000       -2.0781295470550458E-002   2.3138937605267036E-002
   4135.0000000000000       -2.2280031388646957E-002   2.1508601161125084E-002
   4140.0000000000000       -2.3653016968735851E-002   1.9783123470729396E-002
   4145.0000000000000       -2.4894363909518713E-002   1.7972064707674110E-002
   4150.0000000000000       -2.5998901575902990E-002   1.6085337384232179E-002
   4155.0000000000000       -2.6962197091574294E-002   1.4133153087326929E-002
   4160.0000000000000       -2.7780571519595874E-002   1.2125968152612614E-002
   4165.0000000000000       -2.8451112082375322E-002   1.0074428561163888E-002
   4170.0000000000000       -2.8971680392834286E-002   7.9893143447886308E-003
   4175.0000000000000       -2.9340916689081321E-002   5.8814837860293404E-003
   4180.0000000000000       -2.9558240085216292E-002   3.7618176975185141E-003
   4185.0000000000000       -2.9623844870985808E-002   1.6411640625224064E-003
   4190.0000000000000       -2.9538692912762933E-002  -4.6971668572850042E-004
   4195.0000000000000       -2.9304502227643556E-002  -2.5602054739311915E-003
   4200.0000000000000       -2.8923731821241805E-002  -4.6198772227713141E-003
   4205.0000000000000       -2.8399562897938154E-002  -6.6385520483243044E-003
   4210.0000000000000       -2.7735876569797351E-002  -8.6063447834220028E-003
   4215.0000000000000       -2.6937228207049416E-002  -1.0513712582238882E-002
   4220.0000000000000       -2.6008818588834925E-002  -1.2351500383090484E-002
   4225.0000000000000       -2.4956462027785085E-002  -1.4110984017215465E-002
   4230.0000000000000       -2.3786551655869320E-002  -1.5783910765058622E-002
   4235.0000000000000       -2.2506022071736274E-002  -1.7362537176207470E-002
   4240.0000000000000       -2.1122309561443783E-002  -1.8839663984576951E-002
   4245.0000000000000       -1.9643310114968587E-002  -2.0208667966601403E-002
   4250.0000000000000       -1.8077335470164543E-002  -2.1463530606991233E-002
   4255.0000000000000       -1.6433067423862739E-002  -2.2598863453953240E-002
   4260.0000000000000       -1.4719510656547833E-002  -2.3609930063566466E-002
   4265.0000000000000       -1.2945944322478186E-002  -2.4492664451154361E-002
   4270.0000000000000       -1.1121872661228306E-002  -2.5243685985905151E-002
   4275.0000000000000       -9.2569748894091326E-003  -2.5860310683569730E-002
   4280.0000000000000       -7.3610546327638332E-003  -2.6340558870713644E-002
   4285.0000000000000       -5.4439891589469578E-003  -2.6683159212622931E-002
   4290.0000000000000       -3.5156786700843911E-003  -2.6887549115467872E-002
   4295.0000000000000       -1.5859959116977431E-003  -2.6953871531620970E-002
   4300.0000000000000        3.3526364921628591E-004  -2.6882968215015873E-002
   4305.0000000000000        2.2384308292037864E-003  -2.6676369491032127E-002
   4310.0000000000000        4.1140106749764337E-003  -2.6336280622512667E-002
   4315.0000000000000        5.9527291175736439E-003  -2.5865564870082920E-002
   4320.0000000000000        7.7455781085485629E-003  -2.5267723360862391E-002
   4325.0000000000000        9.4838590222827892E-003  -2.4546871894869055E-002
   4330.0000000000000        1.1159224119167869E-002  -2.3707714832839066E-002
   4335.0000000000000        1.2763715875974519E-002  -2.2755516222756334E-002
   4340.0000000000000        1.4289804002196708E-002  -2.1696068335044217E-002
   4345.0000000000000        1.5730419974436308E-002  -2.0535657788059956E-002
   4350.0000000000000        1.7078988934910791E-002  -1.9281029456200399E-002
   4355.0000000000000        1.8329458814843890E-002  -1.7939348362529042E-002
   4360.0000000000000        1.9476326558757411E-002  -1.6518159766330472E-002
   4365.0000000000000        2.0514661341439113E-002  -1.5025347663355034E-002
   4370.0000000000000        2.1440124685532410E-002  -1.3469091922706514E-002
   4375.0000000000000        2.2248987404193475E-002  -1.1857824289327095E-002
   4380.0000000000000        2.2938143310003222E-002  -1.0200183484832030E-002
   4385.0000000000000        2.3505119648218907E-002  -8.5049696420321126E-003
   4390.0000000000000        2.3948084229416175E-002  -6.7810983098522525E-003
   4395.0000000000000        2.4265849253519042E-002  -5.0375542655130513E-003
   4400.0000000000000        2.4457871834059567E-002  -3.2833453697985256E-003
   4405.0000000000000        2.4524251248163157E-002  -1.5274566990025010E-003
   4410.0000000000000        2.4465722954139284E-002   2.2119481624964529E-004
   4415.0000000000000        2.4283649434588623E-002   1.9538050196411462E-003
   4420.0000000000000        2.3980007938538626E-002   3.6617262052427218E-003
   4425.0000000000000        2.3557375211214641E-002   5.3365096277138294E-003
   4430.0000000000000        2.3018909314570932E-002   6.9699466410411692E-003
   4435.0000000000000        2.2368328655575993E-002   8.5541082689369555E-003
   4440.0000000000000        2.1609888352405803E-002   1.0081383019650867E-002
   4445.0000000000000        2.0748354081085059E-002   1.1544512768448445E-002
   4450.0000000000000        1.9788973556674923E-002   1.2936626542313714E-002
   4455.0000000000000        1.8737445813784000E-002   1.4251272053481671E-002
   4460.0000000000000        1.7599888460931187E-002   1.5482444841128545E-002
   4465.0000000000000        1.6382803092072910E-002   1.6624614893875140E-002
   4470.0000000000000        1.5093039046386338E-002   1.7672750639617728E-002
   4475.0000000000000        1.3737755714144673E-002   1.8622340203516961E-002
   4480.0000000000000        1.2324383592203739E-002   1.9469409849672738E-002
   4485.0000000000000        1.0860584297222692E-002   2.0210539537012320E-002
   4490.0000000000000        9.3542097482500006E-003   2.0842875535143357E-002
   4495.0000000000000        7.8132607327119161E-003   2.1364140061292440E-002
   4500.0000000000000        6.2458450711403660E-003   2.1772637914885564E-002
   4505.0000000000000        4.6601355961746888E-003   2.2067260101748653E-002
   4510.0000000000000        3.0643281604739812E-003   2.2247484455238220E-002
   4515.0000000000000        1.4665998861991779E-003   2.2313373276775589E-002
   4520.0000000000000       -1.2493213431538115E-004   2.2265568033178747E-002
   4525.0000000000000       -1.7022514811572266E-003   2.2105281162788648E-002
   4530.0000000000000       -3.2574821922376662E-003   2.1834285056602776E-002
   4535.0000000000000       -4.7829274970965611E-003   2.1454898294386227E-002
   4540.0000000000000       -6.2711073116966509E-003   2.0969969228966240E-002
   4545.0000000000000       -7.7147943146751016E-003   2.0382857024566020E-002
   4550.0000000000000       -9.1070484342439719E-003   1.9697410267038449E-002
   4555.0000000000000       -1.0441249584446869E-002   1.8917943275166077E-002
   4560.0000000000000       -1.1711128499731271E-002   1.8049210252747153E-002
   4565.0000000000000       -1.2910795527726530E-002   1.7096377430942930E-002
   4570.0000000000000       -1.4034767251665079E-002   1.6064993359276102E-002
   4575.0000000000000       -1.5077990825985484E-002   1.4960957511705035E-002
   4580.0000000000000       -1.6035865921243935E-002   1.3790487381321281E-002
   4585.0000000000000       -1.6904264187468335E-002   1.2560084243400545E-002
   4590.0000000000000       -1.7679546158446139E-002   1.1276497771754644E-002
   4595.0000000000000       -1.8358575533073435E-002   9.9466896975685462E-003
   4600.0000000000000       -1.8938730783735994E-002   8.5777967031467981E-003
   4605.0000000000000       -1.9417914055672808E-002   7.1770927452311038E-003
   4610.0000000000000       -1.9794557335314645E-002   5.7519510037820657E-003
   4615.0000000000000       -2.0067625879625069E-002   4.3098056523456331E-003
   4620.0000000000000       -2.0236618912426362E-002   2.8581136453560440E-003
   4625.0000000000000       -2.0301567607498350E-002   1.4043167159744293E-003
   4630.0000000000000       -2.0263030391825965E-002  -4.4196224657024112E-005
   4635.0000000000000       -2.0122085615673715E-002  -1.4801260995293390E-003
   4640.0000000000000       -1.9880321649117415E-002  -2.8962999066152158E-003
   4645.0000000000000       -1.9539824477203302E-002  -4.2857060112861606E-003
   4650.0000000000000       -1.9103162877970748E-002  -5.6415283194530472E-003
   4655.0000000000000       -1.8573371279111631E-002  -6.9571791677174224E-003
   4660.0000000000000       -1.7953930399991783E-002  -8.2263307747226788E-003
   4665.0000000000000       -1.7248745796077793E-002  -9.4429451065184168E-003
   4670.0000000000000       -1.6462124432449030E-002  -1.0601302018048566E-002
   4675.0000000000000       -1.5598749421986505E-002  -1.1696025542790285E-002
   4680.0000000000000       -1.4663653071978998E-002  -1.2722108213051989E-002
   4685.0000000000000       -1.3662188390236574E-002  -1.3674933304425943E-002
   4690.0000000000000       -1.2599999208323312E-002  -1.4550294909324513E-002
   4695.0000000000000       -1.1482989085187538E-002  -1.5344415756347098E-002
   4700.0000000000000       -1.0317289159258390E-002  -1.6053962704364169E-002
   4705.0000000000000       -9.1092251209749075E-003  -1.6676059852600855E-002
   4710.0000000000000       -7.8652834807060538E-003  -1.7208299220591087E-002
   4715.0000000000000       -6.5920773090999418E-003  -1.7648748964587603E-002
   4720.0000000000000       -5.2963116280647059E-003  -1.7995959109788951E-002
   4725.0000000000000       -3.9847486308344131E-003  -1.8248964790515902E-002
   4730.0000000000000       -2.6641729089173973E-003  -1.8407287003171645E-002
   4735.0000000000000       -1.3413568621724488E-003  -1.8470930889389649E-002
   4740.0000000000000       -2.3026465826088897E-005  -1.8440381579146743E-002
   4745.0000000000000        1.2841724350485977E-003  -1.8316597635736193E-002
   4750.0000000000000        2.5737071372003246E-003  -1.8101002156297105E-002
   4755.0000000000000        3.8391902355615209E-003  -1.7795471593025018E-002
   4760.0000000000000        5.0744107685642180E-003  -1.7402322371188998E-002
   4765.0000000000000        6.2733642031253005E-003  -1.6924295390602129E-002
   4770.0000000000000        7.4302811171732567E-003  -1.6364538507183658E-002
   4775.0000000000000        8.5396544454048387E-003  -1.5726587100667971E-002
   4780.0000000000000        9.5962651623907325E-003  -1.5014342843314222E-002
   4785.0000000000000        1.0595206286146096E-002  -1.4232050792611519E-002
   4790.0000000000000        1.1531905094794705E-002  -1.3384274938422851E-002
   4795.0000000000000        1.2402143458931340E-002  -1.2475872341734105E-002
   4800.0000000000000        1.3202076202671798E-002  -1.1511966008145042E-002
   4805.0000000000000        1.3928247417116950E-002  -1.0497916644432718E-002
   4810.0000000000000        1.4577604660989873E-002  -9.4392934509154088E-003
   4815.0000000000000        1.5147510994473727E-002  -8.3418441059304443E-003
   4820.0000000000000        1.5635754803724866E-002  -7.2114641015019040E-003
   4825.0000000000000        1.6040557385099782E-002  -6.0541655912062951E-003
   4830.0000000000000        1.6360578269757432E-002  -4.8760459123439216E-003
   4835.0000000000000        1.6594918280919892E-002  -3.6832559447917143E-003
   4840.0000000000000        1.6743120327636259E-002  -2.4819684683560204E-003
   4845.0000000000000        1.6805167950337492E-002  -1.2783466790707251E-003
   4850.0000000000000        1.6781481644739006E-002  -7.8513022711310316E-005
   4855.0000000000000        1.6672913001684463E-002   1.1114814991633366E-003
   4860.0000000000000        1.6480736711277734E-002   2.2856873990504231E-003
   4865.0000000000000        1.6206640490065333E-002   3.4382860020909204E-003
   4870.0000000000000        1.5852713000060692E-002   4.5636178314379765E-003
   4875.0000000000000        1.5421429837996794E-002   5.6562099442800775E-003
   4880.0000000000000        1.4915637682308370E-002   6.7108020888747488E-003
   4885.0000000000000        1.4338536693939637E-002   7.7223715600324124E-003
   4890.0000000000000        1.3693661275106357E-002   8.6861566381346549E-003
   4895.0000000000000        1.2984859297578274E-002   9.5976785049334719E-003
   4900.0000000000000        1.2216269918855743E-002   1.0452761538011661E-002
   4905.0000000000000        1.1392300110763986E-002   1.1247551894842332E-002
   4910.0000000000000        1.0517600030454098E-002   1.1978534306817090E-002
   4915.0000000000000        9.5970373685600619E-003   1.2642547013367846E-002
   4920.0000000000000        8.6356708132972540E-003   1.3236794776333225E-002
   4925.0000000000000        7.6387227725861276E-003   1.3758859924964631E-002
   4930.0000000000000        6.6115514988342537E-003   1.4206711392375265E-002
   4935.0000000000000        5.5596227628046703E-003   1.4578711714753324E-002
   4940.0000000000000        4.4884812240351575E-003   1.4873621975234636E-002
   4945.0000000000000        3.4037216455534702E-003   1.5090604684905043E-002
   4950.0000000000000        2.3109601001624295E-003   1.5229224603926306E-002
   4955.0000000000000        1.2158053143548700E-003   1.5289447516197541E-002
   4960.0000000000000        1.2383029397452515E-004   1.5271636981225621E-002
   4965.0000000000000       -9.5945562691927464E-004   1.5176549096931930E-002
   4970.0000000000000       -2.0286341758777950E-003   1.5005325316919742E-002
   4975.0000000000000       -3.0784048364989928E-003   1.4759483375219378E-002
   4980.0000000000000       -4.1036107180622006E-003   1.4440906380671397E-002
   4985.0000000000000       -5.0992634762361639E-003   1.4051830151857623E-002
   4990.0000000000000       -6.0605671666053955E-003   1.3594828871805839E-002
   4995.0000000000000       -6.9829409191795588E-003   1.3072799149536638E-002
