   0.0000000000000000        0.0000000000000000        0.0000000000000000     
   6.5000000000000000       2.03255423828923518E-002  6.63472918672088352E-002
   13.000000000000000       6.37018279364289924E-002  0.10139060285133769     
   19.500000000000000       0.10039067845895375       0.10386327101394759     
   26.000000000000000       0.11707789226396902       9.22861053949031451E-002
   32.500000000000000       0.11874257120270454       8.21113208853229415E-002
   39.000000000000000       0.11485476098175018       7.73623122983471828E-002
   45.500000000000000       0.11063600967555406       7.58716328392030764E-002
   52.000000000000000       0.10717345462302756       7.52234602328527846E-002
   58.500000000000000       0.10411628894688402       7.44438380256928767E-002
   65.000000000000000       0.10111998220157974       7.34361306516830986E-002
   71.500000000000000       9.80709679701528558E-002  7.23318576026456272E-002
   78.000000000000000       9.49674324370946843E-002  7.12473090800570807E-002
   84.500000000000000       9.18332003832015159E-002  7.02497693156116931E-002
   91.000000000000000       8.86914934178716363E-002  6.93694246092240313E-002
   97.500000000000000       8.55610526987139880E-002  6.86109345202456644E-002
   104.00000000000000       8.24562453029885761E-002  6.79619005316894759E-002
   110.50000000000000       7.93873392288078905E-002  6.74002499817747402E-002
   117.00000000000000       7.63612057783250447E-002  6.69006012167512598E-002
   123.50000000000000       7.33826242370358289E-002  6.64385157929800740E-002
   130.00000000000000       7.04551593744334043E-002  6.59921669929091209E-002
   136.50000000000000       6.75806890982524333E-002  6.55428206794501644E-002
   143.00000000000000       6.47585826305152046E-002  6.50759085388692982E-002
   149.50000000000000       6.19863124885976155E-002  6.45823915817055338E-002
   156.00000000000000       5.92613862816482526E-002  6.40587118682468398E-002
   162.50000000000000       5.65827732170620379E-002  6.35050019199661780E-002
   169.00000000000000       5.39508273709062916E-002  6.29230218552734449E-002
   175.50000000000000       5.13664217290220465E-002  6.23150747740163768E-002
   182.00000000000000       4.88303403509391526E-002  6.16838084271985262E-002
   188.50000000000000       4.63431833865889375E-002  6.10322153093260031E-002
   195.00000000000000       4.39054719296895629E-002  6.03634785183860545E-002
   201.50000000000000       4.15176887456629451E-002  5.96807280001792617E-002
   208.00000000000000       3.91802271430207322E-002  5.89868529389199203E-002
   214.50000000000000       3.68933195663992200E-002  5.82844158917578820E-002
   221.00000000000000       3.46569933517908990E-002  5.75756397196905412E-002
   227.50000000000000       3.24710594241482339E-002  5.68624293019827642E-002
   234.00000000000000       3.03351229709301409E-002  5.61464059966019224E-002
   240.50000000000000       2.82486054989074462E-002  5.54289454759449227E-002
   247.00000000000000       2.62107717456318140E-002  5.47112149138929207E-002
   253.50000000000000       2.42207577305967939E-002  5.39942073525651114E-002
   260.00000000000000       2.22775977268018441E-002  5.32787720331061171E-002
   266.50000000000000       2.03802488462948191E-002  5.25656402403593473E-002
   273.00000000000000       1.85276126349458933E-002  5.18554467632787244E-002
   279.50000000000000       1.67185535827250251E-002  5.11487473291221198E-002
   286.00000000000000       1.49519146991804724E-002  5.04460324293178330E-002
   292.50000000000000       1.32265303475439088E-002  4.97477380088066565E-002
   299.00000000000000       1.15412365576810505E-002  4.90542535869026505E-002
   305.50000000000000       9.89487912513225577E-003  4.83659284111085247E-002
   312.00000000000000       8.28631987303146862E-003  4.76830761577960241E-002
   318.50000000000000       6.71444143448123466E-003  4.70059785567824642E-002
   325.00000000000000       5.17815083688826904E-003  4.63348882187956876E-002
   331.50000000000000       3.67638210470273103E-003  4.56700308954380713E-002
   338.00000000000000       2.20809806496425568E-003  4.50116073629375987E-002
   344.50000000000000       7.72291521581527571E-004  4.43597950728430515E-002
   351.00000000000000      -6.32014058932713930E-004  4.37147496625513443E-002
   357.50000000000000      -2.00576423607665491E-003  4.30766063789869633E-002
   364.00000000000000      -3.34987357095303286E-003  4.24454814431927882E-002
   370.50000000000000      -4.66522582255777564E-003  4.18214733683347634E-002
   377.00000000000000      -5.95267431405584017E-003  4.12046642344677805E-002
   383.50000000000000      -7.21304243000308720E-003  4.05951209180537564E-002
   390.00000000000000      -8.44712421440867861E-003  3.99928962716038852E-002
   396.50000000000000      -9.65568504634886464E-003  3.93980302481912945E-002
   403.00000000000000      -1.08394623749339669E-002  3.88105509662377765E-002
   409.50000000000000      -1.19991664991615701E-002  3.82304757113093377E-002
   416.00000000000000      -1.31354813809085261E-002  3.76578118732189965E-002
   422.50000000000000      -1.42490654813162854E-002  3.70925578182554824E-002
   429.00000000000000      -1.53405526123294878E-002  3.65347036976846756E-002
   435.50000000000000      -1.64105527963155744E-002  3.59842321947295499E-002
   442.00000000000000      -1.74596531276386309E-002  3.54411192130044059E-002
   448.50000000000000      -1.84884186308661783E-002  3.49053345098765122E-002
   455.00000000000000      -1.94973931110039717E-002  3.43768422784936703E-002
   461.50000000000000      -2.04870999918063783E-002  3.38556016823002154E-002
   468.00000000000000      -2.14580431388107749E-002  3.33415673458085857E-002
   474.50000000000000      -2.24107076642986666E-002  3.28346898052412559E-002
   481.00000000000000      -2.33455607118966020E-002  3.23349159224408655E-002
   487.50000000000000      -2.42630522189973587E-002  3.18421892651940125E-002
   494.00000000000000      -2.51636156556056950E-002  3.13564504568483032E-002
   500.50000000000000      -2.60476687385920273E-002  3.08776374978401817E-002
   507.00000000000000      -2.69156141206715292E-002  3.04056860615004934E-002
   513.50000000000000      -2.77678400537171195E-002  2.99405297662732363E-002
   520.00000000000000      -2.86047210262647053E-002  2.94821004262732847E-002
   526.50000000000000      -2.94266183752799476E-002  2.90303282819212791E-002
   533.00000000000000      -3.02338808724322977E-002  2.85851422122277536E-002
   539.50000000000000      -3.10268452852661900E-002  2.81464699301528058E-002
   546.00000000000000      -3.18058369137760588E-002  2.77142381623393455E-002
   552.50000000000000      -3.25711701029835210E-002  2.72883728144053227E-002
   559.00000000000000      -3.33231487321860309E-002  2.68687991228816481E-002
   565.50000000000000      -3.40620666815983839E-002  2.64554417947938450E-002
   572.00000000000000      -3.47882082771466816E-002  2.60482251358076441E-002
   578.50000000000000      -3.55018487141980643E-002  2.56470731677876963E-002
   585.00000000000000      -3.62032544610241050E-002  2.52519097365553856E-002
   591.50000000000000      -3.68926836428009747E-002  2.48626586105731399E-002
   598.00000000000000      -3.75703864069473967E-002  2.44792435712295024E-002
   604.50000000000000      -3.82366052705942136E-002  2.41015884953502575E-002
   611.00000000000000      -3.88915754509673445E-002  2.37296174305155448E-002
   617.50000000000000      -3.95355251794500193E-002  2.33632546637207311E-002
   624.00000000000000      -4.01686760000719914E-002  2.30024247838801627E-002
   630.50000000000000      -4.07912430531527301E-002  2.26470527386365729E-002
   637.00000000000000      -4.14034353448029593E-002  2.22970638859051051E-002
   643.50000000000000      -4.20054560029664986E-002  2.19523840405497390E-002
   650.00000000000000      -4.25975025206592403E-002  2.16129395165610867E-002
   656.50000000000000      -4.31797669870381332E-002  2.12786571650770209E-002
   663.00000000000000      -4.37524363069080741E-002  2.09494644085629934E-002
   669.50000000000000      -4.43156924092498808E-002  2.06252892714453399E-002
   676.00000000000000      -4.48697124453276627E-002  2.03060604074695519E-002
   682.50000000000000      -4.54146689769100789E-002  1.99917071240351615E-002
   689.00000000000000      -4.59507301551156100E-002  1.96821594037406983E-002
   695.50000000000000      -4.64780598903690445E-002  1.93773479233549130E-002
   702.00000000000000      -4.69968180139332670E-002  1.90772040704142096E-002
   708.50000000000000      -4.75071604314587156E-002  1.87816599576319625E-002
   715.00000000000000      -4.80092392689711739E-002  1.84906484352916414E-002
   721.50000000000000      -4.85032030116979429E-002  1.82041031017827794E-002
   728.00000000000000      -4.89891966361126890E-002  1.79219583124272594E-002
   734.50000000000000      -4.94673617355598713E-002  1.76441491867326168E-002
   741.00000000000000      -4.99378366398012807E-002  1.73706116141988283E-002
   747.50000000000000      -5.04007565288097231E-002  1.71012822587960044E-002
   754.00000000000000      -5.08562535411178004E-002  1.68360985622213258E-002
   760.50000000000000      -5.13044568770136752E-002  1.65749987460360390E-002
   767.00000000000000      -5.17454928968602915E-002  1.63179218127756168E-002
   773.50000000000000      -5.21794852147997382E-002  1.60648075461194730E-002
   780.00000000000000      -5.26065547880904261E-002  1.58155965101998072E-002
   786.50000000000000      -5.30268200023119238E-002  1.55702300481240594E-002
   793.00000000000000      -5.34403967526584228E-002  1.53286502797791765E-002
   799.50000000000000      -5.38473985215311424E-002  1.50908000989811858E-002
   806.00000000000000      -5.42479364526275085E-002  1.48566231700288480E-002
   812.50000000000000      -5.46421194217147008E-002  1.46260639237155380E-002
   819.00000000000000      -5.50300541042644600E-002  1.43990675528500086E-002
   825.50000000000000      -5.54118450401164808E-002  1.41755800073321246E-002
   832.00000000000000      -5.57875946953285129E-002  1.39555479888268472E-002
   838.50000000000000      -5.61574035213623785E-002  1.37389189450762440E-002
   845.00000000000000      -5.65213700117467924E-002  1.35256410638861999E-002
   851.50000000000000      -5.68795907563503234E-002  1.33156632668219536E-002
   858.00000000000000      -5.72321604933900968E-002  1.31089352026438274E-002
   864.50000000000000      -5.75791721592948946E-002  1.29054072405121300E-002
   871.00000000000000      -5.79207169365347566E-002  1.27050304629881417E-002
   877.50000000000000      -5.82568842995229777E-002  1.25077566588558450E-002
   884.00000000000000      -5.85877620586902348E-002  1.23135383157873673E-002
   890.50000000000000      -5.89134364028250229E-002  1.21223286128730387E-002
   897.00000000000000      -5.92339919397696646E-002  1.19340814130356049E-002
   903.50000000000000      -5.95495117355557477E-002  1.17487512553464020E-002
   910.00000000000000      -5.98600773520582205E-002  1.15662933472601513E-002
   916.50000000000000      -6.01657688832431189E-002  1.13866635567833746E-002
   923.00000000000000      -6.04666649900795286E-002  1.12098184045905033E-002
   929.50000000000000      -6.07628429341825413E-002  1.10357150561005268E-002
   936.00000000000000      -6.10543786102500305E-002  1.08643113135259237E-002
   942.50000000000000      -6.13413465773529759E-002  1.06955656079047168E-002
   949.00000000000000      -6.16238200891351465E-002  1.05294369911257089E-002
   955.50000000000000      -6.19018711229754326E-002  1.03658851279558317E-002
   962.00000000000000      -6.21755704081627322E-002  1.02048702880779673E-002
   968.50000000000000      -6.24449874531307278E-002  1.00463533381470582E-002
   975.00000000000000      -6.27101905717971780E-002  9.89029573387126618E-003
   981.50000000000000      -6.29712469090498855E-002  9.73665951212456665E-003
   988.00000000000000      -6.32282224654192038E-002  9.58540728309665788E-003
   994.50000000000000      -6.34811821209749355E-002  9.43650222248525010E-003
   1001.0000000000000      -6.37301896584827748E-002  9.28990806373573320E-003
   1007.5000000000000      -6.39753077858542796E-002  9.14558909033241600E-003
   1014.0000000000000      -6.42165981579222306E-002  9.00351012814514830E-003
   1020.5000000000000      -6.44541213975709792E-002  8.86363653783516989E-003
   1027.0000000000000      -6.46879371162507044E-002  8.72593420732288572E-003
   1033.5000000000000      -6.49181039339022242E-002  8.59036954432073133E-003
   1040.0000000000000      -6.51446794983178423E-002  8.45690946893359538E-003
   1046.5000000000000      -6.53677205039622927E-002  8.32552140632896766E-003
   1053.0000000000000      -6.55872827102765704E-002  8.19617327947879531E-003
   1059.5000000000000      -6.58034209594861030E-002  8.06883350197482030E-003
   1066.0000000000000      -6.60161891939340800E-002  7.94347097091892621E-003
   1072.5000000000000      -6.62256404729585496E-002  7.82005505988976959E-003
   1079.0000000000000      -6.64318269893325736E-002  7.69855561198674095E-003
   1085.5000000000000      -6.66348000852838157E-002  7.57894293295248867E-003
   1092.0000000000000      -6.68346102681108001E-002  7.46118778437439290E-003
   1098.5000000000000      -6.70313072254109382E-002  7.34526137696588262E-003
   1105.0000000000000      -6.72249398399354797E-002  7.23113536392799416E-003
   1111.5000000000000      -6.74155562040851808E-002  7.11878183439166711E-003
   1118.0000000000000      -6.76032036340603881E-002  7.00817330694079258E-003
   1124.5000000000000      -6.77879286836774869E-002  6.89928272321652450E-003
   1131.0000000000000      -6.79697771578646054E-002  6.79208344160244903E-003
   1137.5000000000000      -6.81487941258473590E-002  6.68654923099091733E-003
   1144.0000000000000      -6.83250239340359722E-002  6.58265426463035264E-003
   1150.5000000000000      -6.84985102186235761E-002  6.48037311405322714E-003
   1157.0000000000000      -6.86692959179060342E-002  6.37968074308456652E-003
   1163.5000000000000      -6.88374232843323719E-002  6.28055250193059345E-003
   1170.0000000000000      -6.90029338962945410E-002  6.18296412134713893E-003
   1176.5000000000000      -6.91658686696655645E-002  6.08689170688734345E-003
   1183.0000000000000      -6.93262678690935580E-002  5.99231173322825866E-003
   1189.5000000000000      -6.94841711190595235E-002  5.89920103857571963E-003
   1196.0000000000000      -6.96396174147065478E-002  5.80753681914698231E-003
   1202.5000000000000      -6.97926451324469288E-002  5.71729662373052921E-003
   1209.0000000000000      -6.99432920403542796E-002  5.62845834832234083E-003
   1215.5000000000000      -7.00915953083468962E-002  5.54100023083809422E-003
   1222.0000000000000      -7.02375915181685101E-002  5.45490084590051494E-003
   1228.5000000000000      -7.03813166731720730E-002  5.37013909970115826E-003
   1235.0000000000000      -7.05228062079126944E-002  5.28669422493594204E-003
   1241.5000000000000      -7.06620949975543949E-002  5.20454577581371588E-003
   1248.0000000000000      -7.07992173670962538E-002  5.12367362313703983E-003
   1254.5000000000000      -7.09342071004226971E-002  5.04405794945437819E-003
   1261.0000000000000      -7.10670974491828533E-002  4.96567924428304233E-003
   1267.5000000000000      -7.11979211415029040E-002  4.88851829940192394E-003
   1274.0000000000000      -7.13267103905366462E-002  4.81255620421347161E-003
   1280.5000000000000      -7.14534969028574746E-002  4.73777434117378989E-003
   1287.0000000000000      -7.15783118866964718E-002  4.66415438129027301E-003
   1293.5000000000000      -7.17011860600300921E-002  4.59167827968581365E-003
   1300.0000000000000      -7.18221496585213920E-002  4.52032827122889405E-003
   1306.5000000000000      -7.19412324433180428E-002  4.45008686622871009E-003
   1313.0000000000000      -7.20584637087108570E-002  4.38093684619440208E-003
   1319.5000000000000      -7.21738722896557300E-002  4.31286125965779123E-003
   1326.0000000000000      -7.22874865691625484E-002  4.24584341805843250E-003
   1332.5000000000000      -7.23993344855540927E-002  4.17986689169054342E-003
   1339.0000000000000      -7.25094435395975123E-002  4.11491550571083629E-003
   1345.5000000000000      -7.26178408015118737E-002  4.05097333620638503E-003
   1352.0000000000000      -7.27245529178536937E-002  3.98802470632190088E-003
   1358.5000000000000      -7.28296061182839294E-002  3.92605418244533402E-003
   1365.0000000000000      -7.29330262222183945E-002  3.86504657045127304E-003
   1371.5000000000000      -7.30348386453645859E-002  3.80498691200116144E-003
   1378.0000000000000      -7.31350684061468220E-002  3.74586048089976852E-003
   1384.5000000000000      -7.32337401320224263E-002  3.68765277950672526E-003
   1391.0000000000000      -7.33308780656909687E-002  3.63034953520280411E-003
   1397.5000000000000      -7.34265060711991879E-002  3.57393669690993015E-003
   1404.0000000000000      -7.35206476399428294E-002  3.51840043166422702E-003
   1410.5000000000000      -7.36133258965683407E-002  3.46372712124125596E-003
   1417.0000000000000      -7.37045636047762298E-002  3.40990335883275663E-003
   1423.5000000000000      -7.37943831730276389E-002  3.35691594577426297E-003
   1430.0000000000000      -7.38828066601562861E-002  3.30475188832267397E-003
   1436.5000000000000      -7.39698557808877999E-002  3.25339839448314169E-003
   1443.0000000000000      -7.40555519112677807E-002  3.20284287088453421E-003
   1449.5000000000000      -7.41399160940009322E-002  3.15307291970282197E-003
   1456.0000000000000      -7.42229690437021250E-002  3.10407633563170894E-003
   1462.5000000000000      -7.43047311520618620E-002  3.05584110289959521E-003
   1469.0000000000000      -7.43852224929272415E-002  3.00835539233245243E-003
   1475.5000000000000      -7.44644628273001263E-002  2.96160755846181954E-003
   1482.0000000000000      -7.45424716082540850E-002  2.91558613667724717E-003
   1488.5000000000000      -7.46192679857716340E-002  2.87027984042245851E-003
   1495.0000000000000      -7.46948708115028615E-002  2.82567755843482742E-003
   1501.5000000000000      -7.47692986434473489E-002  2.78176835202724113E-003
   1508.0000000000000      -7.48425697505603893E-002  2.73854145241186116E-003
   1514.5000000000000      -7.49147021172852368E-002  2.69598625806511229E-003
   1521.0000000000000      -7.49857134480121368E-002  2.65409233213327643E-003
   1527.5000000000000      -7.50556211714659000E-002  2.61284939987818004E-003
   1534.0000000000000      -7.51244424450232540E-002  2.57224734616215509E-003
   1540.5000000000000      -7.51921941589608206E-002  2.53227621297199288E-003
   1547.0000000000000      -7.52588929406352580E-002  2.49292619698100390E-003
   1553.5000000000000      -7.53245551585965956E-002  2.45418764714873698E-003
   1560.0000000000000      -7.53891969266360928E-002  2.41605106235776631E-003
   1566.5000000000000      -7.54528341077694842E-002  2.37850708908706387E-003
   1573.0000000000000      -7.55154823181568846E-002  2.34154651912127712E-003
   1579.5000000000000      -7.55771569309602598E-002  2.30516028729548525E-003
   1586.0000000000000      -7.56378730801398197E-002  2.26933946927468681E-003
   1592.5000000000000      -7.56976456641901274E-002  2.23407527936781997E-003
   1599.0000000000000      -7.57564893498169079E-002  2.19935906837553929E-003
   1605.5000000000000      -7.58144185755556393E-002  2.16518232147119242E-003
   1612.0000000000000      -7.58714475553330520E-002  2.13153665611476176E-003
   1618.5000000000000      -7.59275902819720738E-002  2.09841381999902087E-003
   1625.0000000000000      -7.59828605306415994E-002  2.06580568902745010E-003
   1631.5000000000000      -7.60372718622517457E-002  2.03370426532349007E-003
   1638.0000000000000      -7.60908376267955128E-002  2.00210167527070226E-003
   1644.5000000000000      -7.61435709666379024E-002  1.97099016758325168E-003
   1651.0000000000000      -7.61954848197529538E-002  1.94036211140623488E-003
   1657.5000000000000      -7.62465919229101952E-002  1.91020999444552761E-003
   1664.0000000000000      -7.62969048148105372E-002  1.88052642112650778E-003
   1670.5000000000000      -7.63464358391732628E-002  1.85130411078138104E-003
   1677.0000000000000      -7.63951971477741798E-002  1.82253589586468486E-003
   1683.5000000000000      -7.64432007034363398E-002  1.79421472019634714E-003
   1690.0000000000000      -7.64904582829734614E-002  1.76633363723201469E-003
   1696.5000000000000      -7.65369814800875015E-002  1.73888580836020681E-003
   1703.0000000000000      -7.65827817082205403E-002  1.71186450122589977E-003
   1709.5000000000000      -7.66278702033619946E-002  1.68526308808008098E-003
   1716.0000000000000      -7.66722580268120596E-002  1.65907504415495561E-003
   1722.5000000000000      -7.67159560679014363E-002  1.63329394606426584E-003
   1729.0000000000000      -7.67589750466688842E-002  1.60791347022852700E-003
   1735.5000000000000      -7.68013255164965852E-002  1.58292739132465045E-003
   1742.0000000000000      -7.68430178667043468E-002  1.55832958075959732E-003
   1748.5000000000000      -7.68840623251033639E-002  1.53411400516778118E-003
   1755.0000000000000      -7.69244689605097232E-002  1.51027472493176699E-003
   1761.5000000000000      -7.69642476852188534E-002  1.48680589272586687E-003
   1768.0000000000000      -7.70034082574412859E-002  1.46370175208240870E-003
   1774.5000000000000      -7.70419602837003059E-002  1.44095663598025237E-003
   1781.0000000000000      -7.70799132211920923E-002  1.41856496545523332E-003
   1787.5000000000000      -7.71172763801090538E-002  1.39652124823208611E-003
   1794.0000000000000      -7.71540589259269299E-002  1.37482007737767557E-003
   1800.5000000000000      -7.71902698816560595E-002  1.35345612997516350E-003
   1807.0000000000000      -7.72259181300576358E-002  1.33242416581867804E-003
   1813.5000000000000      -7.72610124158253642E-002  1.31171902612834844E-003
   1820.0000000000000      -7.72955613477329939E-002  1.29133563228517453E-003
   1826.5000000000000      -7.73295734007484054E-002  1.27126898458566027E-003
   1833.0000000000000      -7.73630569181147643E-002  1.25151416101568842E-003
   1839.5000000000000      -7.73960201133991471E-002  1.23206631604346286E-003
   1846.0000000000000      -7.74284710725092334E-002  1.21292067943124882E-003
   1852.5000000000000      -7.74604177556787454E-002  1.19407255506548664E-003
   1859.0000000000000      -7.74918679994215931E-002  1.17551731980517133E-003
   1865.5000000000000      -7.75228295184558630E-002  1.15725042234797091E-003
   1872.0000000000000      -7.75533099075976784E-002  1.13926738211410968E-003
   1878.5000000000000      -7.75833166436256244E-002  1.12156378814746711E-003
   1885.0000000000000      -7.76128570871160856E-002  1.10413529803382268E-003
   1891.5000000000000      -7.76419384842500504E-002  1.08697763683587899E-003
   1898.0000000000000      -7.76705679685916889E-002  1.07008659604481663E-003
   1904.5000000000000      -7.76987525628392989E-002  1.05345803254814165E-003
   1911.0000000000000      -7.77264991805488581E-002  1.03708786761354515E-003
   1917.5000000000000      -7.77538146278310971E-002  1.02097208588853932E-003
   1924.0000000000000      -7.77807056050216772E-002  1.00510673441574151E-003
   1930.5000000000000      -7.78071787083256805E-002  9.89487921663299982E-004
   1937.0000000000000      -7.78332404314364540E-002  9.74111816570500072E-004
   1943.5000000000000      -7.78588971671291263E-002  9.58974647608140749E-004
   1950.0000000000000      -7.78841552088294226E-002  9.44072701853459800E-004
   1956.5000000000000      -7.79090207521581507E-002  9.29402324079561001E-004
   1963.0000000000000      -7.79334998964514442E-002  9.14959915858853945E-004
   1969.5000000000000      -7.79575986462575782E-002  9.00741934680512066E-004
   1976.0000000000000      -7.79813229128103191E-002  8.86744893081618498E-004
   1982.5000000000000      -7.80046785154794031E-002  8.72965357791795609E-004
   1989.0000000000000      -7.80276711831984493E-002  8.59399948891119924E-004
   1995.5000000000000      -7.80503065558706965E-002  8.46045338981098638E-004
   2002.0000000000000      -7.80725901857528826E-002  8.32898252368601487E-004
   2008.5000000000000      -7.80945275388174182E-002  8.19955464262403727E-004
   2015.0000000000000      -7.81161239960937864E-002  8.07213799982243194E-004
   2021.5000000000000      -7.81373848549884870E-002  7.94670134180171456E-004
   2028.0000000000000      -7.81583153305849682E-002  7.82321390073980162E-004
   2034.5000000000000      -7.81789205569231038E-002  7.70164538692516966E-004
   2041.0000000000000      -7.81992055882587550E-002  7.58196598132797024E-004
   2047.5000000000000      -7.82191754003039308E-002  7.46414632828582654E-004
   2054.0000000000000      -7.82388348914473397E-002  7.34815752830390249E-004
   2060.5000000000000      -7.82581888839563033E-002  7.23397113096607897E-004
   2067.0000000000000      -7.82772421251598099E-002  7.12155912795714246E-004
   2073.5000000000000      -7.82959992886131800E-002  7.01089394619315858E-004
   2080.0000000000000      -7.83144649752446215E-002  6.90194844105808348E-004
   2086.5000000000000      -7.83326437144839377E-002  6.79469588974556879E-004
   2093.0000000000000      -7.83505399653738055E-002  6.68910998470467755E-004
   2099.5000000000000      -7.83681581176636222E-002  6.58516482718730489E-004
   2106.0000000000000      -7.83855024928865607E-002  6.48283492089551006E-004
   2112.5000000000000      -7.84025773454194302E-002  6.38209516572812779E-004
   2119.0000000000000      -7.84193868635267438E-002  6.28292085162391158E-004
   2125.5000000000000      -7.84359351703878827E-002  6.18528765250091726E-004
   2132.0000000000000      -7.84522263251087038E-002  6.08917162028969070E-004
   2138.5000000000000      -7.84682643237172989E-002  5.99454917905879910E-004
   2145.0000000000000      -7.84840531001443353E-002  5.90139711923291527E-004
   2151.5000000000000      -7.84995965271879093E-002  5.80969259189960700E-004
   2158.0000000000000      -7.85148984174637576E-002  5.71941310320473600E-004
   2164.5000000000000      -7.85299625243404548E-002  5.63053650883487615E-004
   2171.0000000000000      -7.85447925428603561E-002  5.54304100858621406E-004
   2177.5000000000000      -7.85593921106456511E-002  5.45690514101781913E-004
   2184.0000000000000      -7.85737648087910107E-002  5.37210777818647044E-004
   2190.5000000000000      -7.85879141627419536E-002  5.28862812046461384E-004
   2197.0000000000000      -7.86018436431595580E-002  5.20644569143893375E-004
   2203.5000000000000      -7.86155566667720435E-002  5.12554033288789177E-004
   2210.0000000000000      -7.86290565972127126E-002  5.04589219983698958E-004
   2216.5000000000000      -7.86423467458451375E-002  4.96748175569096569E-004
   2223.0000000000000      -7.86554303725754134E-002  4.89028976744205882E-004
   2229.5000000000000      -7.86683106866519488E-002  4.81429730095216774E-004
   2236.0000000000000      -7.86809908474525033E-002  4.73948571630919977E-004
   2242.5000000000000      -7.86934739652593584E-002  4.66583666325480050E-004
   2249.0000000000000      -7.87057631020220971E-002  4.59333207668299686E-004
   2255.5000000000000      -7.87178612721088355E-002  4.52195417220919776E-004
   2262.0000000000000      -7.87297714430455764E-002  4.45168544180788123E-004
   2268.5000000000000      -7.87414965362441543E-002  4.38250864951844090E-004
   2275.0000000000000      -7.87530394277188850E-002  4.31440682721737274E-004
   2281.5000000000000      -7.87644029487920561E-002  4.24736327045671571E-004
   2288.0000000000000      -7.87755898867881776E-002  4.18136153436601528E-004
   2294.5000000000000      -7.87866029857182126E-002  4.11638542961843541E-004
   2301.0000000000000      -7.87974449469521498E-002  4.05241901846088075E-004
   2307.5000000000000      -7.88081184298819321E-002  3.98944661080383666E-004
   2314.0000000000000      -7.88186260525736981E-002  3.92745276037282395E-004
   2320.5000000000000      -7.88289703924100194E-002  3.86642226091959691E-004
   2327.0000000000000      -7.88391539867221575E-002  3.80634014249289169E-004
   2333.5000000000000      -7.88491793334122892E-002  3.74719166776646070E-004
   2340.0000000000000      -7.88590488915664051E-002  3.68896232842380210E-004
   2346.5000000000000      -7.88687650820573821E-002  3.63163784159942281E-004
   2353.0000000000000      -7.88783302881388843E-002  3.57520414637552218E-004
   2359.5000000000000      -7.88877468560299083E-002  3.51964740033334166E-004
   2366.0000000000000      -7.88970170954903377E-002  3.46495397615772984E-004
   2372.5000000000000      -7.89061432803874613E-002  3.41111045829454226E-004
   2379.0000000000000      -7.89151276492537773E-002  3.35810363966011056E-004
   2385.5000000000000      -7.89239724058360403E-002  3.30592051840120028E-004
   2392.0000000000000      -7.89326797196358287E-002  3.25454829470632457E-004
   2398.5000000000000      -7.89412517264417857E-002  3.20397436766597216E-004
   2405.0000000000000      -7.89496905288533390E-002  3.15418633218221436E-004
   2411.5000000000000      -7.89579981967966638E-002  3.10517197592561137E-004
   2418.0000000000000      -7.89661767680321786E-002  3.05691927633932150E-004
   2424.5000000000000      -7.89742282486546043E-002  3.00941639769039006E-004
   2431.0000000000000      -7.89821546135849040E-002  2.96265168816671075E-004
   2437.5000000000000      -7.89899578070547836E-002  2.91661367701908768E-004
   2444.0000000000000      -7.89976397430835614E-002  2.87129107174767333E-004
   2450.5000000000000      -7.90052023059475833E-002  2.82667275533160479E-004
   2457.0000000000000      -7.90126473506425619E-002  2.78274778350235134E-004
   2463.5000000000000      -7.90199767033385181E-002  2.73950538205973838E-004
   2470.0000000000000      -7.90271921618276862E-002  2.69693494422867442E-004
   2476.5000000000000      -7.90342954959655092E-002  2.65502602805736351E-004
   2483.0000000000000      -7.90412884481048184E-002  2.61376835385630150E-004
   2489.5000000000000      -7.90481727335231588E-002  2.57315180167694767E-004
   2496.0000000000000      -7.90549500408435912E-002  2.53316640882974686E-004
   2502.5000000000000      -7.90616220324486668E-002  2.49380236743935275E-004
   2509.0000000000000      -7.90681903448885171E-002  2.45505002203874210E-004
   2515.5000000000000      -7.90746565892821718E-002  2.41689986720265509E-004
   2522.0000000000000      -7.90810223517125627E-002  2.37934254521497739E-004
   2528.5000000000000      -7.90872891936157535E-002  2.34236884377277355E-004
   2535.0000000000000      -7.90934586521640087E-002  2.30596969372751516E-004
   2541.5000000000000      -7.90995322406426171E-002  2.27013616686050021E-004
   2548.0000000000000      -7.91055114488212890E-002  2.23485947369309837E-004
   2554.5000000000000      -7.91113977433193782E-002  2.20013096132968308E-004
   2561.0000000000000      -7.91171925679658439E-002  2.16594211133645581E-004
   2567.5000000000000      -7.91228973441532452E-002  2.13228453765105499E-004
   2574.0000000000000      -7.91285134711864624E-002  2.09914998452640997E-004
   2580.5000000000000      -7.91340423266258530E-002  2.06653032450475631E-004
   2587.0000000000000      -7.91394852666253285E-002  2.03441755642479720E-004
   2593.5000000000000      -7.91448436262648658E-002  2.00280380345952189E-004
   2600.0000000000000      -7.91501187198778849E-002  1.97168131118333374E-004
   2606.5000000000000      -7.91553118413738099E-002  1.94104244566978415E-004
   2613.0000000000000      -7.91604242645553707E-002  1.91087969161942426E-004
   2619.5000000000000      -7.91654572434312281E-002  1.88118565051667081E-004
   2626.0000000000000      -7.91704120125232558E-002  1.85195303881541598E-004
   2632.5000000000000      -7.91752897871695338E-002  1.82317468615157972E-004
   2639.0000000000000      -7.91800917638224577E-002  1.79484353358439370E-004
   2645.5000000000000      -7.91848191203421425E-002  1.76695263186519224E-004
   2652.0000000000000      -7.91894730162854554E-002  1.73949513973310538E-004
   2658.5000000000000      -7.91940545931903300E-002  1.71246432223682985E-004
   2665.0000000000000      -7.91985649748558479E-002  1.68585354908260779E-004
   2671.5000000000000      -7.92030052676177820E-002  1.65965629300794323E-004
   2678.0000000000000      -7.92073765606200186E-002  1.63386612818023144E-004
   2684.5000000000000      -7.92116799260817878E-002  1.60847672862064148E-004
   2691.0000000000000      -7.92159164195605919E-002  1.58348186665295494E-004
   2697.5000000000000      -7.92200870802111240E-002  1.55887541137578466E-004
   2704.0000000000000      -7.92241929310401605E-002  1.53465132715839493E-004
   2710.5000000000000      -7.92282349791574997E-002  1.51080367216066200E-004
   2717.0000000000000      -7.92322142160230142E-002  1.48732659687524630E-004
   2723.5000000000000      -7.92361316176897895E-002  1.46421434269300329E-004
   2730.0000000000000      -7.92399881450435856E-002  1.44146124049067078E-004
   2736.5000000000000      -7.92437847440384813E-002  1.41906170924002782E-004
   2743.0000000000000      -7.92475223459289946E-002  1.39701025463891435E-004
   2749.5000000000000      -7.92512018674983859E-002  1.37530146776394335E-004
   2756.0000000000000      -7.92548242112836171E-002  1.35393002374285159E-004
   2762.5000000000000      -7.92583902657967299E-002  1.33289068044967614E-004
   2769.0000000000000      -7.92619009057427409E-002  1.31217827721821084E-004
   2775.5000000000000      -7.92653569922342066E-002  1.29178773357588935E-004
   2782.0000000000000      -7.92687593730024842E-002  1.27171404799811380E-004
   2788.5000000000000      -7.92721088826056075E-002  1.25195229668143807E-004
   2795.0000000000000      -7.92754063426330258E-002  1.23249763233521060E-004
   2801.5000000000000      -7.92786525619071925E-002  1.21334528299340080E-004
   2808.0000000000000      -7.92818483366818511E-002  1.19449055084406005E-004
   2814.5000000000000      -7.92849944508373372E-002  1.17592881107632732E-004
   2821.0000000000000      -7.92880916760729526E-002  1.15765551074621523E-004
   2827.5000000000000      -7.92911407720962164E-002  1.13966616765994762E-004
   2834.0000000000000      -7.92941424868092298E-002  1.12195636927517990E-004
   2840.5000000000000      -7.92970975564920300E-002  1.10452177161799220E-004
   2847.0000000000000      -7.93000067059833058E-002  1.08735809821738444E-004
   2853.5000000000000      -7.93028706488581037E-002  1.07046113905632693E-004
   2860.0000000000000      -7.93056900876029092E-002  1.05382674953926735E-004
   2866.5000000000000      -7.93084657137879262E-002  1.03745084947519319E-004
   2873.0000000000000      -7.93111982082367883E-002  1.02132942207726137E-004
   2879.5000000000000      -7.93138882411934393E-002  1.00545851297733770E-004
   2886.0000000000000      -7.93165364724866401E-002  9.89834229255882924E-005
   2892.5000000000000      -7.93191435516917287E-002  9.74452738487581769E-005
   2899.0000000000000      -7.93217101182900203E-002  9.59310267800692919E-005
   2905.5000000000000      -7.93242368018255845E-002  9.44403102952028729E-005
   2912.0000000000000      -7.93267242220597607E-002  9.29727587415517145E-005
   2918.5000000000000      -7.93291729891231340E-002  9.15280121485700411E-005
   2925.0000000000000      -7.93315837036650956E-002  9.01057161394417798E-005
   2931.5000000000000      -7.93339569570014336E-002  8.87055218441825972E-005
   2938.0000000000000      -7.93362933312590779E-002  8.73270858140927017E-005
   2944.5000000000000      -7.93385933995190279E-002  8.59700699374404606E-005
   2951.0000000000000      -7.93408577259569620E-002  8.46341413565704272E-005
   2957.5000000000000      -7.93430868659815436E-002  8.33189723862652078E-005
   2964.0000000000000      -7.93452813663707290E-002  8.20242404333550282E-005
   2970.5000000000000      -7.93474417654057435E-002  8.07496279176034336E-005
   2977.0000000000000      -7.93495685930033223E-002  7.94948221937791054E-005
   2983.5000000000000      -7.93516623708455382E-002  7.82595154750195728E-005
   2990.0000000000000      -7.93537236125077816E-002  7.70434047573175884E-005
   2996.5000000000000      -7.93557528235847298E-002  7.58461917451391132E-005
   3003.0000000000000      -7.93577505018144141E-002  7.46675827783112810E-005
   3009.5000000000000      -7.93597171372003446E-002  7.35072887599685183E-005
   3016.0000000000000      -7.93616532121315943E-002  7.23650250856960149E-005
   3022.5000000000000      -7.93635592015011909E-002  7.12405115736649831E-005
   3029.0000000000000      -7.93654355728225375E-002  7.01334723959299238E-005
   3035.5000000000000      -7.93672827863441260E-002  6.90436360107250931E-005
   3042.0000000000000      -7.93691012951624753E-002  6.79707350959169457E-005
   3048.5000000000000      -7.93708915453332498E-002  6.69145064834152700E-005
   3055.0000000000000      -7.93726539759806310E-002  6.58746910946046390E-005
   3061.5000000000000      -7.93743890194050228E-002  6.48510338768802706E-005
   3068.0000000000000      -7.93760971011890637E-002  6.38432837409606233E-005
   3074.5000000000000      -7.93777786403021546E-002  6.28511934993461696E-005
   3081.0000000000000      -7.93794340492031542E-002  6.18745198057324717E-005
   3087.5000000000000      -7.93810637339413955E-002  6.09130230952596773E-005
   3094.0000000000000      -7.93826680942566060E-002  5.99664675257723161E-005
   3100.5000000000000      -7.93842475236766210E-002  5.90346209199909920E-005
   3107.0000000000000      -7.93858024096141535E-002  5.81172547085525209E-005
   3113.5000000000000      -7.93873331334616628E-002  5.72141438739424548E-005
   3120.0000000000000      -7.93888400706850017E-002  5.63250668952463480E-005
   3126.5000000000000      -7.93903235909155930E-002  5.54498056938868079E-005
   3133.0000000000000      -7.93917840580408291E-002  5.45881455801489759E-005
   3139.5000000000000      -7.93932218302935699E-002  5.37398752004740387E-005
   3146.0000000000000      -7.93946372603398925E-002  5.29047864855943905E-005
   3152.5000000000000      -7.93960306953656741E-002  5.20826745995299649E-005
   3159.0000000000000      -7.93974024771616771E-002  5.12733378893532175E-005
   3165.5000000000000      -7.93987529422074401E-002  5.04765778357220632E-005
   3172.0000000000000      -7.94000824217538231E-002  4.96921990041852667E-005
   3178.5000000000000      -7.94013912419040818E-002  4.89200089972050730E-005
   3185.0000000000000      -7.94026797236941501E-002  4.81598184069897243E-005
   3191.5000000000000      -7.94039481831712024E-002  4.74114407690842194E-005
   3198.0000000000000      -7.94051969314712169E-002  4.66746925165755386E-005
   3204.5000000000000      -7.94064262748952476E-002  4.59493929350977386E-005
   3211.0000000000000      -7.94076365149846142E-002  4.52353641184528944E-005
   3217.5000000000000      -7.94088279485948290E-002  4.45324309250157973E-005
   3224.0000000000000      -7.94100008679684694E-002  4.38404209347808809E-005
   3230.5000000000000      -7.94111555608068287E-002  4.31591644070605140E-005
   3237.0000000000000      -7.94122923103404016E-002  4.24884942388538875E-005
   3243.5000000000000      -7.94134113953985088E-002  4.18282459238141429E-005
   3250.0000000000000      -7.94145130904775759E-002  4.11782575119642308E-005
