   0.0000000000000000        0.0000000000000000        0.0000000000000000     
   6.5000000000000000       5.11742655931056965E-003   0.0000000000000000     
   13.000000000000000       1.77740400123685936E-002   0.0000000000000000     
   19.500000000000000       3.24909658156416412E-002   0.0000000000000000     
   26.000000000000000       4.52264038081576086E-002   0.0000000000000000     
   32.500000000000000       5.48864309399730230E-002   0.0000000000000000     
   39.000000000000000       6.21170203514150310E-002   0.0000000000000000     
   45.500000000000000       6.77828652921244335E-002   0.0000000000000000     
   52.000000000000000       7.23882907768750028E-002   0.0000000000000000     
   58.500000000000000       7.61522388846162801E-002   0.0000000000000000     
   65.000000000000000       7.91893873856318320E-002   0.0000000000000000     
   71.500000000000000       8.15982743652607645E-002   0.0000000000000000     
   78.000000000000000       8.34791320736458092E-002   0.0000000000000000     
   84.500000000000000       8.49298746064562210E-002   0.0000000000000000     
   91.000000000000000       8.60405501798044009E-002   0.0000000000000000     
   97.500000000000000       8.68899559777140673E-002   0.0000000000000000     
   104.00000000000000       8.75441033655441903E-002   0.0000000000000000     
   110.50000000000000       8.80560501380483751E-002   0.0000000000000000     
   117.00000000000000       8.84667766210619488E-002   0.0000000000000000     
   123.50000000000000       8.88067520843840164E-002   0.0000000000000000     
   130.00000000000000       8.90977479704195829E-002   0.0000000000000000     
   136.50000000000000       8.93545434403344857E-002   0.0000000000000000     
   143.00000000000000       8.95864660331691792E-002   0.0000000000000000     
   149.50000000000000       8.97988879496738057E-002   0.0000000000000000     
   156.00000000000000       8.99946528318693179E-002   0.0000000000000000     
   162.50000000000000       9.01752161629817001E-002   0.0000000000000000     
   169.00000000000000       9.03413544631973542E-002   0.0000000000000000     
   175.50000000000000       9.04935233279953177E-002   0.0000000000000000     
   182.00000000000000       9.06320450441928244E-002   0.0000000000000000     
   188.50000000000000       9.07572387479567699E-002   0.0000000000000000     
   195.00000000000000       9.08695124450969033E-002   0.0000000000000000     
   201.50000000000000       9.09694065594810891E-002   0.0000000000000000     
   208.00000000000000       9.10575928133026402E-002   0.0000000000000000     
   214.50000000000000       9.11348460216173384E-002   0.0000000000000000     
   221.00000000000000       9.12020061747371019E-002   0.0000000000000000     
   227.50000000000000       9.12599413897508954E-002   0.0000000000000000     
   234.00000000000000       9.13095164153735761E-002   0.0000000000000000     
   240.50000000000000       9.13515681457088002E-002   0.0000000000000000     
   247.00000000000000       9.13868881177982428E-002   0.0000000000000000     
   253.50000000000000       9.14162112823237172E-002   0.0000000000000000     
   260.00000000000000       9.14402100180163602E-002   0.0000000000000000     
   266.50000000000000       9.14594922623550854E-002   0.0000000000000000     
   273.00000000000000       9.14746026821551123E-002   0.0000000000000000     
   279.50000000000000       9.14860259408381421E-002   0.0000000000000000     
   286.00000000000000       9.14941912765407928E-002   0.0000000000000000     
   292.50000000000000       9.14994777591283115E-002   0.0000000000000000     
   299.00000000000000       9.15022197439801233E-002   0.0000000000000000     
   305.50000000000000       9.15027121853216746E-002   0.0000000000000000     
   312.00000000000000       9.15012155983090936E-002   0.0000000000000000     
   318.50000000000000       9.14979605542322189E-002   0.0000000000000000     
   325.00000000000000       9.14931516580838322E-002   0.0000000000000000     
   331.50000000000000       9.14869710022065824E-002   0.0000000000000000     
   338.00000000000000       9.14795811213401505E-002   0.0000000000000000     
   344.50000000000000       9.14711274953154824E-002   0.0000000000000000     
   351.00000000000000       9.14617406564096763E-002   0.0000000000000000     
   357.50000000000000       9.14515379608148993E-002   0.0000000000000000     
   364.00000000000000       9.14406250806641813E-002   0.0000000000000000     
   370.50000000000000       9.14290972671752827E-002   0.0000000000000000     
   377.00000000000000       9.14170404284163074E-002   0.0000000000000000     
   383.50000000000000       9.14045320579463111E-002   0.0000000000000000     
   390.00000000000000       9.13916420437152766E-002   0.0000000000000000     
   396.50000000000000       9.13784333804668336E-002   0.0000000000000000     
   403.00000000000000       9.13649628036496131E-002   0.0000000000000000     
   409.50000000000000       9.13512813585546923E-002   0.0000000000000000     
   416.00000000000000       9.13374349150062881E-002   0.0000000000000000     
   422.50000000000000       9.13234646353415641E-002   0.0000000000000000     
   429.00000000000000       9.13094074014905721E-002   0.0000000000000000     
   435.50000000000000       9.12952962055868372E-002   0.0000000000000000     
   442.00000000000000       9.12811605075719568E-002   0.0000000000000000     
   448.50000000000000       9.12670265626032290E-002   0.0000000000000000     
   455.00000000000000       9.12529177206385100E-002   0.0000000000000000     
   461.50000000000000       9.12388547002880718E-002   0.0000000000000000     
   468.00000000000000       9.12248558388369657E-002   0.0000000000000000     
   474.50000000000000       9.12109373202129314E-002   0.0000000000000000     
   481.00000000000000       9.11971133825797281E-002   0.0000000000000000     
   487.50000000000000       9.11833965071537911E-002   0.0000000000000000     
   494.00000000000000       9.11697975897644980E-002   0.0000000000000000     
   500.50000000000000       9.11563260965995714E-002   0.0000000000000000     
   507.00000000000000       9.11429902054939622E-002   0.0000000000000000     
   513.50000000000000       9.11297969340348069E-002   0.0000000000000000     
   520.00000000000000       9.11167522556657616E-002   0.0000000000000000     
   526.50000000000000       9.11038612048852975E-002   0.0000000000000000     
   533.00000000000000       9.10911279725453438E-002   0.0000000000000000     
   539.50000000000000       9.10785559921701710E-002   0.0000000000000000     
   546.00000000000000       9.10661480181349514E-002   0.0000000000000000     
   552.50000000000000       9.10539061964656393E-002   0.0000000000000000     
   559.00000000000000       9.10418321289511306E-002   0.0000000000000000     
   565.50000000000000       9.10299269311926201E-002   0.0000000000000000     
   572.00000000000000       9.10181912851553282E-002   0.0000000000000000     
   578.50000000000000       9.10066254867335084E-002   0.0000000000000000     
   585.00000000000000       9.09952294887902968E-002   0.0000000000000000     
   591.50000000000000       9.09840029400903333E-002   0.0000000000000000     
   598.00000000000000       9.09729452205031153E-002   0.0000000000000000     
   604.50000000000000       9.09620554728194780E-002   0.0000000000000000     
   611.00000000000000       9.09513326314916049E-002   0.0000000000000000     
   617.50000000000000       9.09407754485785924E-002   0.0000000000000000     
   624.00000000000000       9.09303825171530189E-002   0.0000000000000000     
   630.50000000000000       9.09201522924018429E-002   0.0000000000000000     
   637.00000000000000       9.09100831106324087E-002   0.0000000000000000     
   643.50000000000000       9.09001732063766249E-002   0.0000000000000000     
   650.00000000000000       9.08904207277682480E-002   0.0000000000000000     
   656.50000000000000       9.08808237503530569E-002   0.0000000000000000     
   663.00000000000000       9.08713802894769718E-002   0.0000000000000000     
   669.50000000000000       9.08620883113846339E-002   0.0000000000000000     
   676.00000000000000       9.08529457431488247E-002   0.0000000000000000     
   682.50000000000000       9.08439504815404808E-002   0.0000000000000000     
   689.00000000000000       9.08351004009391866E-002   0.0000000000000000     
   695.50000000000000       9.08263933603749712E-002   0.0000000000000000     
   702.00000000000000       9.08178272097842909E-002   0.0000000000000000     
   708.50000000000000       9.08093997955554677E-002   0.0000000000000000     
   715.00000000000000       9.08011089654316567E-002   0.0000000000000000     
   721.50000000000000       9.07929525728342762E-002   0.0000000000000000     
   728.00000000000000       9.07849284806629270E-002   0.0000000000000000     
   734.50000000000000       9.07770345646231741E-002   0.0000000000000000     
   741.00000000000000       9.07692687161296557E-002   0.0000000000000000     
   747.50000000000000       9.07616288448258590E-002   0.0000000000000000     
   754.00000000000000       9.07541128807598935E-002   0.0000000000000000     
   760.50000000000000       9.07467187762509286E-002   0.0000000000000000     
   767.00000000000000       9.07394445074780065E-002   0.0000000000000000     
   773.50000000000000       9.07322880758198863E-002   0.0000000000000000     
   780.00000000000000       9.07252475089721511E-002   0.0000000000000000     
   786.50000000000000       9.07183208618651121E-002   0.0000000000000000     
   793.00000000000000       9.07115062174038561E-002   0.0000000000000000     
   799.50000000000000       9.07048016870499046E-002   0.0000000000000000     
   806.00000000000000       9.06982054112617370E-002   0.0000000000000000     
   812.50000000000000       9.06917155598103569E-002   0.0000000000000000     
   819.00000000000000       9.06853303319838516E-002   0.0000000000000000     
   825.50000000000000       9.06790479566941671E-002   0.0000000000000000     
   832.00000000000000       9.06728666924974114E-002   0.0000000000000000     
   838.50000000000000       9.06667848275385935E-002   0.0000000000000000     
   845.00000000000000       9.06608006794298316E-002   0.0000000000000000     
   851.50000000000000       9.06549125950708717E-002   0.0000000000000000     
   858.00000000000000       9.06491189504193273E-002   0.0000000000000000     
   864.50000000000000       9.06434181502176889E-002   0.0000000000000000     
   871.00000000000000       9.06378086276832806E-002   0.0000000000000000     
   877.50000000000000       9.06322888441664087E-002   0.0000000000000000     
   884.00000000000000       9.06268572887820589E-002   0.0000000000000000     
   890.50000000000000       9.06215124780191811E-002   0.0000000000000000     
   897.00000000000000       9.06162529553318080E-002   0.0000000000000000     
   903.50000000000000       9.06110772907152140E-002   0.0000000000000000     
   910.00000000000000       9.06059840802705546E-002   0.0000000000000000     
   916.50000000000000       9.06009719457605694E-002   0.0000000000000000     
   923.00000000000000       9.05960395341587760E-002   0.0000000000000000     
   929.50000000000000       9.05911855171942365E-002   0.0000000000000000     
   936.00000000000000       9.05864085908943406E-002   0.0000000000000000     
   942.50000000000000       9.05817074751264079E-002   0.0000000000000000     
   949.00000000000000       9.05770809131403176E-002   0.0000000000000000     
   955.50000000000000       9.05725276711130400E-002   0.0000000000000000     
   962.00000000000000       9.05680465376964144E-002   0.0000000000000000     
   968.50000000000000       9.05636363235686886E-002   0.0000000000000000     
   975.00000000000000       9.05592958609913595E-002   0.0000000000000000     
   981.50000000000000       9.05550240033713566E-002   0.0000000000000000     
   988.00000000000000       9.05508196248293595E-002   0.0000000000000000     
   994.50000000000000       9.05466816197748881E-002   0.0000000000000000     
   1001.0000000000000       9.05426089024883862E-002   0.0000000000000000     
   1007.5000000000000       9.05386004067107869E-002   0.0000000000000000     
   1014.0000000000000       9.05346550852404869E-002   0.0000000000000000     
   1020.5000000000000       9.05307719095383989E-002   0.0000000000000000     
   1027.0000000000000       9.05269498693409280E-002   0.0000000000000000     
   1033.5000000000000       9.05231879722808441E-002   0.0000000000000000     
   1040.0000000000000       9.05194852435165648E-002   0.0000000000000000     
   1046.5000000000000       9.05158407253693481E-002   0.0000000000000000     
   1053.0000000000000       9.05122534769688264E-002   0.0000000000000000     
   1059.5000000000000       9.05087225739063528E-002   0.0000000000000000     
   1066.0000000000000       9.05052471078966747E-002   0.0000000000000000     
   1072.5000000000000       9.05018261864474344E-002   0.0000000000000000     
   1079.0000000000000       9.04984589325364963E-002   0.0000000000000000     
   1085.5000000000000       9.04951444842969355E-002   0.0000000000000000     
   1092.0000000000000       9.04918819947098108E-002   0.0000000000000000     
   1098.5000000000000       9.04886706313043493E-002   0.0000000000000000     
   1105.0000000000000       9.04855095758652916E-002   0.0000000000000000     
   1111.5000000000000       9.04823980241475645E-002   0.0000000000000000     
   1118.0000000000000       9.04793351855979477E-002   0.0000000000000000     
   1124.5000000000000       9.04763202830835694E-002   0.0000000000000000     
   1131.0000000000000       9.04733525526269927E-002   0.0000000000000000     
   1137.5000000000000       9.04704312431480057E-002   0.0000000000000000     
   1144.0000000000000       9.04675556162115591E-002   0.0000000000000000     
   1150.5000000000000       9.04647249457821157E-002   0.0000000000000000     
   1157.0000000000000       9.04619385179838420E-002   0.0000000000000000     
   1163.5000000000000       9.04591956308665873E-002   0.0000000000000000     
   1170.0000000000000       9.04564955941778853E-002   0.0000000000000000     
   1176.5000000000000       9.04538377291401463E-002   0.0000000000000000     
   1183.0000000000000       9.04512213682334837E-002   0.0000000000000000     
   1189.5000000000000       9.04486458549834810E-002   0.0000000000000000     
   1196.0000000000000       9.04461105437543295E-002   0.0000000000000000     
   1202.5000000000000       9.04436147995467121E-002   0.0000000000000000     
   1209.0000000000000       9.04411579978005309E-002   0.0000000000000000     
   1215.5000000000000       9.04387395242021302E-002   0.0000000000000000     
   1222.0000000000000       9.04363587744962949E-002   0.0000000000000000     
   1228.5000000000000       9.04340151543023135E-002   0.0000000000000000     
   1235.0000000000000       9.04317080789345251E-002   0.0000000000000000     
   1241.5000000000000       9.04294369732268066E-002   0.0000000000000000     
   1248.0000000000000       9.04272012713610851E-002   0.0000000000000000     
   1254.5000000000000       9.04250004166997912E-002   0.0000000000000000     
   1261.0000000000000       9.04228338616219346E-002   0.0000000000000000     
   1267.5000000000000       9.04207010673629963E-002   0.0000000000000000     
   1274.0000000000000       9.04186015038582064E-002   0.0000000000000000     
   1280.5000000000000       9.04165346495892919E-002   0.0000000000000000     
   1287.0000000000000       9.04144999914345826E-002   0.0000000000000000     
   1293.5000000000000       9.04124970245223231E-002   0.0000000000000000     
   1300.0000000000000       9.04105252520870650E-002   0.0000000000000000     
   1306.5000000000000       9.04085841853293076E-002   0.0000000000000000     
   1313.0000000000000       9.04066733432777742E-002   0.0000000000000000     
   1319.5000000000000       9.04047922526549086E-002   0.0000000000000000     
   1326.0000000000000       9.04029404477449811E-002   0.0000000000000000     
   1332.5000000000000       9.04011174702648024E-002   0.0000000000000000     
   1339.0000000000000       9.03993228692373391E-002   0.0000000000000000     
   1345.5000000000000       9.03975562008676875E-002   0.0000000000000000     
   1352.0000000000000       9.03958170284216711E-002   0.0000000000000000     
   1358.5000000000000       9.03941049221067827E-002   0.0000000000000000     
   1365.0000000000000       9.03924194589554586E-002   0.0000000000000000     
   1371.5000000000000       9.03907602227107670E-002   0.0000000000000000     
   1378.0000000000000       9.03891268037142898E-002   0.0000000000000000     
   1384.5000000000000       9.03875187987960987E-002   0.0000000000000000     
   1391.0000000000000       9.03859358111669398E-002   0.0000000000000000     
   1397.5000000000000       9.03843774503124558E-002   0.0000000000000000     
   1404.0000000000000       9.03828433318894509E-002   0.0000000000000000     
   1410.5000000000000       9.03813330776240542E-002   0.0000000000000000     
   1417.0000000000000       9.03798463152118703E-002   0.0000000000000000     
   1423.5000000000000       9.03783826782199734E-002   0.0000000000000000     
   1430.0000000000000       9.03769418059905960E-002   0.0000000000000000     
   1436.5000000000000       9.03755233435468569E-002   0.0000000000000000     
   1443.0000000000000       9.03741269414999743E-002   0.0000000000000000     
   1449.5000000000000       9.03727522559582275E-002   0.0000000000000000     
   1456.0000000000000       9.03713989484376951E-002   0.0000000000000000     
   1462.5000000000000       9.03700666857744500E-002   0.0000000000000000     
   1469.0000000000000       9.03687551400383648E-002   0.0000000000000000     
   1475.5000000000000       9.03674639884486652E-002   0.0000000000000000     
   1482.0000000000000       9.03661929132905523E-002   0.0000000000000000     
   1488.5000000000000       9.03649416018336843E-002   0.0000000000000000     
   1495.0000000000000       9.03637097462519634E-002   0.0000000000000000     
   1501.5000000000000       9.03624970435446540E-002   0.0000000000000000     
   1508.0000000000000       9.03613031954590695E-002   0.0000000000000000     
   1514.5000000000000       9.03601279084143144E-002   0.0000000000000000     
   1521.0000000000000       9.03589708934265934E-002   0.0000000000000000     
   1527.5000000000000       9.03578318660357427E-002   0.0000000000000000     
   1534.0000000000000       9.03567105462330100E-002   0.0000000000000000     
   1540.5000000000000       9.03556066583899448E-002   0.0000000000000000     
   1547.0000000000000       9.03545199311886760E-002   0.0000000000000000     
   1553.5000000000000       9.03534500975533977E-002   0.0000000000000000     
   1560.0000000000000       9.03523968945827982E-002   0.0000000000000000     
   1566.5000000000000       9.03513600634838210E-002   0.0000000000000000     
   1573.0000000000000       9.03503393495064394E-002   0.0000000000000000     
   1579.5000000000000       9.03493345018796523E-002   0.0000000000000000     
   1586.0000000000000       9.03483452737482845E-002   0.0000000000000000     
   1592.5000000000000       9.03473714221111751E-002   0.0000000000000000     
   1599.0000000000000       9.03464127077601015E-002   0.0000000000000000     
   1605.5000000000000       9.03454688952198826E-002   0.0000000000000000     
   1612.0000000000000       9.03445397526894678E-002   0.0000000000000000     
   1618.5000000000000       9.03436250519839418E-002   0.0000000000000000     
   1625.0000000000000       9.03427245684774310E-002   0.0000000000000000     
   1631.5000000000000       9.03418380810470378E-002   0.0000000000000000     
   1638.0000000000000       9.03409653720177869E-002   0.0000000000000000     
   1644.5000000000000       9.03401062271081690E-002   0.0000000000000000     
   1651.0000000000000       9.03392604353768780E-002   0.0000000000000000     
   1657.5000000000000       9.03384277891702558E-002   0.0000000000000000     
   1664.0000000000000       9.03376080840706530E-002   0.0000000000000000     
   1670.5000000000000       9.03368011188454001E-002   0.0000000000000000     
   1677.0000000000000       9.03360066953971669E-002   0.0000000000000000     
   1683.5000000000000       9.03352246187144187E-002   0.0000000000000000     
   1690.0000000000000       9.03344546968232187E-002   0.0000000000000000     
   1696.5000000000000       9.03336967407395164E-002   0.0000000000000000     
   1703.0000000000000       9.03329505644222958E-002   0.0000000000000000     
   1709.5000000000000       9.03322159847274320E-002   0.0000000000000000     
   1716.0000000000000       9.03314928213623802E-002   0.0000000000000000     
   1722.5000000000000       9.03307808968414755E-002   0.0000000000000000     
   1729.0000000000000       9.03300800364420231E-002   0.0000000000000000     
   1735.5000000000000       9.03293900681611250E-002   0.0000000000000000     
   1742.0000000000000       9.03287108226730334E-002   0.0000000000000000     
   1748.5000000000000       9.03280421332873507E-002   0.0000000000000000     
   1755.0000000000000       9.03273838359077985E-002   0.0000000000000000     
   1761.5000000000000       9.03267357689916950E-002   0.0000000000000000     
   1768.0000000000000       9.03260977735100556E-002   0.0000000000000000     
   1774.5000000000000       9.03254696929083611E-002   0.0000000000000000     
   1781.0000000000000       9.03248513730678243E-002   0.0000000000000000     
   1787.5000000000000       9.03242426622674066E-002   0.0000000000000000     
   1794.0000000000000       9.03236434111464731E-002   0.0000000000000000     
   1800.5000000000000       9.03230534726677942E-002   0.0000000000000000     
   1807.0000000000000       9.03224727020813939E-002   0.0000000000000000     
   1813.5000000000000       9.03219009568888287E-002   0.0000000000000000     
   1820.0000000000000       9.03213380968081042E-002   0.0000000000000000     
   1826.5000000000000       9.03207839837390641E-002   0.0000000000000000     
   1833.0000000000000       9.03202384817294174E-002   0.0000000000000000     
   1839.5000000000000       9.03197014569411677E-002   0.0000000000000000     
   1846.0000000000000       9.03191727776177511E-002   0.0000000000000000     
   1852.5000000000000       9.03186523140515340E-002   0.0000000000000000     
   1859.0000000000000       9.03181399385518807E-002   0.0000000000000000     
   1865.5000000000000       9.03176355254137753E-002   0.0000000000000000     
   1872.0000000000000       9.03171389508868466E-002   0.0000000000000000     
   1878.5000000000000       9.03166500931449068E-002   0.0000000000000000     
   1885.0000000000000       9.03161688322560025E-002   0.0000000000000000     
   1891.5000000000000       9.03156950501528832E-002   0.0000000000000000     
   1898.0000000000000       9.03152286306040247E-002   0.0000000000000000     
   1904.5000000000000       9.03147694591849987E-002   0.0000000000000000     
   1911.0000000000000       9.03143174232503149E-002   0.0000000000000000     
   1917.5000000000000       9.03138724119057767E-002   0.0000000000000000     
   1924.0000000000000       9.03134343159811559E-002   0.0000000000000000     
   1930.5000000000000       9.03130030280034080E-002   0.0000000000000000     
   1937.0000000000000       9.03125784421701938E-002   0.0000000000000000     
   1943.5000000000000       9.03121604543239836E-002   0.0000000000000000     
   1950.0000000000000       9.03117489619264108E-002   0.0000000000000000     
   1956.5000000000000       9.03113438640329863E-002   0.0000000000000000     
   1963.0000000000000       9.03109450612684383E-002   0.0000000000000000     
   1969.5000000000000       9.03105524558022038E-002   0.0000000000000000     
   1976.0000000000000       9.03101659513243504E-002   0.0000000000000000     
   1982.5000000000000       9.03097854530221233E-002   0.0000000000000000     
   1989.0000000000000       9.03094108675564361E-002   0.0000000000000000     
   1995.5000000000000       9.03090421030390000E-002   0.0000000000000000     
   2002.0000000000000       9.03086790690098701E-002   0.0000000000000000     
   2008.5000000000000       9.03083216764151014E-002   0.0000000000000000     
   2015.0000000000000       9.03079698375848228E-002   0.0000000000000000     
   2021.5000000000000       9.03076234662119615E-002   0.0000000000000000     
   2028.0000000000000       9.03072824773307886E-002   0.0000000000000000     
   2034.5000000000000       9.03069467872961856E-002   0.0000000000000000     
   2041.0000000000000       9.03066163137631189E-002   0.0000000000000000     
   2047.5000000000000       9.03062909756663368E-002   0.0000000000000000     
   2054.0000000000000       9.03059706932005518E-002   0.0000000000000000     
   2060.5000000000000       9.03056553878007762E-002   0.0000000000000000     
   2067.0000000000000       9.03053449821231147E-002   0.0000000000000000     
   2073.5000000000000       9.03050394000257384E-002   0.0000000000000000     
   2080.0000000000000       9.03047385665501773E-002   0.0000000000000000     
   2086.5000000000000       9.03044424079028768E-002   0.0000000000000000     
   2093.0000000000000       9.03041508514372399E-002   0.0000000000000000     
   2099.5000000000000       9.03038638256356552E-002   0.0000000000000000     
   2106.0000000000000       9.03035812600919974E-002   0.0000000000000000     
   2112.5000000000000       9.03033030854943214E-002   0.0000000000000000     
   2119.0000000000000       9.03030292336078760E-002   0.0000000000000000     
   2125.5000000000000       9.03027596372583952E-002   0.0000000000000000     
   2132.0000000000000       9.03024942303155276E-002   0.0000000000000000     
   2138.5000000000000       9.03022329476766417E-002   0.0000000000000000     
   2145.0000000000000       9.03019757252508659E-002   0.0000000000000000     
   2151.5000000000000       9.03017224999433515E-002   0.0000000000000000     
   2158.0000000000000       9.03014732096398265E-002   0.0000000000000000     
   2164.5000000000000       9.03012277931912466E-002   0.0000000000000000     
   2171.0000000000000       9.03009861903989047E-002   0.0000000000000000     
   2177.5000000000000       9.03007483419996232E-002   0.0000000000000000     
   2184.0000000000000       9.03005141896511543E-002   0.0000000000000000     
   2190.5000000000000       9.03002836759180250E-002   0.0000000000000000     
   2197.0000000000000       9.03000567442572011E-002   0.0000000000000000     
   2203.5000000000000       9.02998333390044594E-002   0.0000000000000000     
   2210.0000000000000       9.02996134053605376E-002   0.0000000000000000     
   2216.5000000000000       9.02993968893777699E-002   0.0000000000000000     
   2223.0000000000000       9.02991837379469586E-002   0.0000000000000000     
   2229.5000000000000       9.02989738987841073E-002   0.0000000000000000     
   2236.0000000000000       9.02987673204177776E-002   0.0000000000000000     
   2242.5000000000000       9.02985639521764194E-002   0.0000000000000000     
   2249.0000000000000       9.02983637441758524E-002   0.0000000000000000     
   2255.5000000000000       9.02981666473072347E-002   0.0000000000000000     
   2262.0000000000000       9.02979726132247668E-002   0.0000000000000000     
   2268.5000000000000       9.02977815943339507E-002   0.0000000000000000     
   2275.0000000000000       9.02975935437799332E-002   0.0000000000000000     
   2281.5000000000000       9.02974084154360007E-002   0.0000000000000000     
   2288.0000000000000       9.02972261638922691E-002   0.0000000000000000     
   2294.5000000000000       9.02970467444444286E-002   0.0000000000000000     
   2301.0000000000000       9.02968701130829471E-002   0.0000000000000000     
   2307.5000000000000       9.02966962264821760E-002   0.0000000000000000     
   2314.0000000000000       9.02965250419897336E-002   0.0000000000000000     
   2320.5000000000000       9.02963565176160415E-002   0.0000000000000000     
   2327.0000000000000       9.02961906120240132E-002   0.0000000000000000     
   2333.5000000000000       9.02960272845190204E-002   0.0000000000000000     
   2340.0000000000000       9.02958664950387624E-002   0.0000000000000000     
   2346.5000000000000       9.02957082041434961E-002   0.0000000000000000     
   2353.0000000000000       9.02955523730063769E-002   0.0000000000000000     
   2359.5000000000000       9.02953989634039250E-002   0.0000000000000000     
   2366.0000000000000       9.02952479377065742E-002   0.0000000000000000     
   2372.5000000000000       9.02950992588695961E-002   0.0000000000000000     
   2379.0000000000000       9.02949528904238991E-002   0.0000000000000000     
   2385.5000000000000       9.02948087964671325E-002   0.0000000000000000     
   2392.0000000000000       9.02946669416547915E-002   0.0000000000000000     
   2398.5000000000000       9.02945272911916952E-002   0.0000000000000000     
   2405.0000000000000       9.02943898108233139E-002   0.0000000000000000     
   2411.5000000000000       9.02942544668274560E-002   0.0000000000000000     
   2418.0000000000000       9.02941212260059273E-002   0.0000000000000000     
   2424.5000000000000       9.02939900556764402E-002   0.0000000000000000     
   2431.0000000000000       9.02938609236645651E-002   0.0000000000000000     
   2437.5000000000000       9.02937337982958749E-002   0.0000000000000000     
   2444.0000000000000       9.02936086483881184E-002   0.0000000000000000     
   2450.5000000000000       9.02934854432436707E-002   0.0000000000000000     
   2457.0000000000000       9.02933641526418307E-002   0.0000000000000000     
   2463.5000000000000       9.02932447468316329E-002   0.0000000000000000     
   2470.0000000000000       9.02931271965242976E-002   0.0000000000000000     
   2476.5000000000000       9.02930114728863198E-002   0.0000000000000000     
   2483.0000000000000       9.02928975475321416E-002   0.0000000000000000     
   2489.5000000000000       9.02927853925173801E-002   0.0000000000000000     
   2496.0000000000000       9.02926749803318190E-002   0.0000000000000000     
   2502.5000000000000       9.02925662838928444E-002   0.0000000000000000     
   2509.0000000000000       9.02924592765386030E-002   0.0000000000000000     
   2515.5000000000000       9.02923539320216323E-002   0.0000000000000000     
   2522.0000000000000       9.02922502245022685E-002   0.0000000000000000     
   2528.5000000000000       9.02921481285424293E-002   0.0000000000000000     
   2535.0000000000000       9.02920476190993415E-002   0.0000000000000000     
   2541.5000000000000       9.02919486715192815E-002   0.0000000000000000     
   2548.0000000000000       9.02918512615317748E-002   0.0000000000000000     
   2554.5000000000000       9.02917553652434340E-002   0.0000000000000000     
   2561.0000000000000       9.02916609591320890E-002   0.0000000000000000     
   2567.5000000000000       9.02915680200412629E-002   0.0000000000000000     
   2574.0000000000000       9.02914765251741913E-002   0.0000000000000000     
   2580.5000000000000       9.02913864520883819E-002   0.0000000000000000     
   2587.0000000000000       9.02912977786901050E-002   0.0000000000000000     
   2593.5000000000000       9.02912104832289536E-002   0.0000000000000000     
   2600.0000000000000       9.02911245442924865E-002   0.0000000000000000     
   2606.5000000000000       9.02910399408010794E-002   0.0000000000000000     
   2613.0000000000000       9.02909566520025686E-002   0.0000000000000000     
   2619.5000000000000       9.02908746574673376E-002   0.0000000000000000     
   2626.0000000000000       9.02907939370832385E-002   0.0000000000000000     
   2632.5000000000000       9.02907144710506232E-002   0.0000000000000000     
   2639.0000000000000       9.02906362398775142E-002   0.0000000000000000     
   2645.5000000000000       9.02905592243748861E-002   0.0000000000000000     
   2652.0000000000000       9.02904834056518502E-002   0.0000000000000000     
   2658.5000000000000       9.02904087651110465E-002   0.0000000000000000     
   2665.0000000000000       9.02903352844442036E-002   0.0000000000000000     
   2671.5000000000000       9.02902629456274891E-002   0.0000000000000000     
   2678.0000000000000       9.02901917309171242E-002   0.0000000000000000     
   2684.5000000000000       9.02901216228451237E-002   0.0000000000000000     
   2691.0000000000000       9.02900526042149237E-002   0.0000000000000000     
   2697.5000000000000       9.02899846580971360E-002   0.0000000000000000     
   2704.0000000000000       9.02899177678255227E-002   0.0000000000000000     
   2710.5000000000000       9.02898519169928193E-002   0.0000000000000000     
   2717.0000000000000       9.02897870894466409E-002   0.0000000000000000     
   2723.5000000000000       9.02897232692857071E-002   0.0000000000000000     
   2730.0000000000000       9.02896604408557485E-002   0.0000000000000000     
   2736.5000000000000       9.02895985887458563E-002   0.0000000000000000     
   2743.0000000000000       9.02895376977844721E-002   0.0000000000000000     
   2749.5000000000000       9.02894777530359044E-002   0.0000000000000000     
   2756.0000000000000       9.02894187397964842E-002   0.0000000000000000     
   2762.5000000000000       9.02893606435910823E-002   0.0000000000000000     
   2769.0000000000000       9.02893034501694725E-002   0.0000000000000000     
   2775.5000000000000       9.02892471455028767E-002   0.0000000000000000     
   2782.0000000000000       9.02891917157805229E-002   0.0000000000000000     
   2788.5000000000000       9.02891371474062454E-002   0.0000000000000000     
   2795.0000000000000       9.02890834269951398E-002   0.0000000000000000     
   2801.5000000000000       9.02890305413703159E-002   0.0000000000000000     
   2808.0000000000000       9.02889784775596643E-002   0.0000000000000000     
   2814.5000000000000       9.02889272227926365E-002   0.0000000000000000     
   2821.0000000000000       9.02888767644970669E-002   0.0000000000000000     
   2827.5000000000000       9.02888270902962864E-002   0.0000000000000000     
   2834.0000000000000       9.02887781880058610E-002   0.0000000000000000     
   2840.5000000000000       9.02887300456307051E-002   0.0000000000000000     
   2847.0000000000000       9.02886826513621399E-002   0.0000000000000000     
   2853.5000000000000       9.02886359935749921E-002   0.0000000000000000     
   2860.0000000000000       9.02885900608247638E-002   0.0000000000000000     
   2866.5000000000000       9.02885448418447728E-002   0.0000000000000000     
   2873.0000000000000       9.02885003255433916E-002   0.0000000000000000     
   2879.5000000000000       9.02884565010013546E-002   0.0000000000000000     
   2886.0000000000000       9.02884133574691217E-002   0.0000000000000000     
   2892.5000000000000       9.02883708843641580E-002   0.0000000000000000     
   2899.0000000000000       9.02883290712683806E-002   0.0000000000000000     
   2905.5000000000000       9.02882879079256184E-002   0.0000000000000000     
   2912.0000000000000       9.02882473842390176E-002   0.0000000000000000     
   2918.5000000000000       9.02882074902687376E-002   0.0000000000000000     
   2925.0000000000000       9.02881682162292309E-002   0.0000000000000000     
   2931.5000000000000       9.02881295524871896E-002   0.0000000000000000     
   2938.0000000000000       9.02880914895588665E-002   0.0000000000000000     
   2944.5000000000000       9.02880540181079522E-002   0.0000000000000000     
   2951.0000000000000       9.02880171289432293E-002   0.0000000000000000     
   2957.5000000000000       9.02879808130162415E-002   0.0000000000000000     
   2964.0000000000000       9.02879450614191975E-002   0.0000000000000000     
   2970.5000000000000       9.02879098653827095E-002   0.0000000000000000     
   2977.0000000000000       9.02878752162737108E-002   0.0000000000000000     
   2983.5000000000000       9.02878411055932084E-002   0.0000000000000000     
   2990.0000000000000       9.02878075249743117E-002   0.0000000000000000     
   2996.5000000000000       9.02877744661801651E-002   0.0000000000000000     
   3003.0000000000000       9.02877419211018661E-002   0.0000000000000000     
   3009.5000000000000       9.02877098817565504E-002   0.0000000000000000     
   3016.0000000000000       9.02876783402854211E-002   0.0000000000000000     
   3022.5000000000000       9.02876472889517778E-002   0.0000000000000000     
   3029.0000000000000       9.02876167201391300E-002   0.0000000000000000     
   3035.5000000000000       9.02875866263493643E-002   0.0000000000000000     
   3042.0000000000000       9.02875570002008854E-002   0.0000000000000000     
   3048.5000000000000       9.02875278344267979E-002   0.0000000000000000     
   3055.0000000000000       9.02874991218731299E-002   0.0000000000000000     
   3061.5000000000000       9.02874708554970984E-002   0.0000000000000000     
   3068.0000000000000       9.02874430283653190E-002   0.0000000000000000     
   3074.5000000000000       9.02874156336521683E-002   0.0000000000000000     
   3081.0000000000000       9.02873886646381185E-002   0.0000000000000000     
   3087.5000000000000       9.02873621147079891E-002   0.0000000000000000     
   3094.0000000000000       9.02873359773495171E-002   0.0000000000000000     
   3100.5000000000000       9.02873102461515115E-002   0.0000000000000000     
   3107.0000000000000       9.02872849148024653E-002   0.0000000000000000     
   3113.5000000000000       9.02872599770889461E-002   0.0000000000000000     
   3120.0000000000000       9.02872354268940691E-002   0.0000000000000000     
   3126.5000000000000       9.02872112581959846E-002   0.0000000000000000     
   3133.0000000000000       9.02871874650664624E-002   0.0000000000000000     
   3139.5000000000000       9.02871640416693239E-002   0.0000000000000000     
   3146.0000000000000       9.02871409822591786E-002   0.0000000000000000     
   3152.5000000000000       9.02871182811798567E-002   0.0000000000000000     
   3159.0000000000000       9.02870959328630901E-002   0.0000000000000000     
   3165.5000000000000       9.02870739318271387E-002   0.0000000000000000     
   3172.0000000000000       9.02870522726754166E-002   0.0000000000000000     
   3178.5000000000000       9.02870309500952567E-002   0.0000000000000000     
   3185.0000000000000       9.02870099588564956E-002   0.0000000000000000     
   3191.5000000000000       9.02869892938103075E-002   0.0000000000000000     
   3198.0000000000000       9.02869689498878025E-002   0.0000000000000000     
   3204.5000000000000       9.02869489220988891E-002   0.0000000000000000     
   3211.0000000000000       9.02869292055310246E-002   0.0000000000000000     
   3217.5000000000000       9.02869097953480082E-002   0.0000000000000000     
   3224.0000000000000       9.02868906867887733E-002   0.0000000000000000     
   3230.5000000000000       9.02868718751662497E-002   0.0000000000000000     
   3237.0000000000000       9.02868533558662117E-002   0.0000000000000000     
   3243.5000000000000       9.02868351243461265E-002   0.0000000000000000     
   3250.0000000000000       9.02868171761340432E-002   0.0000000000000000     
