   0.0000000000000000        0.0000000000000000        0.0000000000000000     
   6.5000000000000000      -2.08417711378221480E-002  6.61860671762174724E-002
   13.000000000000000      -6.68047549835969479E-002  9.93234054006999628E-002
   19.500000000000000      -0.10719796877762171       9.62621216366308513E-002
   26.000000000000000      -0.12638883053967079       7.60457826867788622E-002
   32.500000000000000      -0.12840491344177848       5.63754640888405531E-002
   39.000000000000000      -0.12341978359954818       4.30873540004207620E-002
   45.500000000000000      -0.11773993002259985       3.45917985750981150E-002
   52.000000000000000      -0.11309366274839383       2.83245234793782046E-002
   58.500000000000000      -0.10932475969530385       2.30329383605307712E-002
   65.000000000000000      -0.10608843924136048       1.84206028689650435E-002
   71.500000000000000      -0.10322831956641847       1.44845883433817619E-002
   78.000000000000000      -0.10069840696870125       1.12301519693403656E-002
   84.500000000000000      -9.84786983664917570E-002  8.62047639339655163E-003
   91.000000000000000      -9.65470926263434781E-002  6.58805113087118643E-003
   97.500000000000000      -9.48763578334225199E-002  5.04930805290001831E-003
   104.00000000000000      -9.34362516385114500E-002  3.91529935600874995E-003
   110.50000000000000      -9.21956149153329851E-002  3.09983348762618181E-003
   117.00000000000000      -9.11242419297404460E-002  2.52549663179716657E-003
   123.50000000000000      -9.01947606831461218E-002  2.12689303493911403E-003
   130.00000000000000      -8.93836931515484545E-002  1.85085694066916529E-003
   136.50000000000000      -8.86708075891577130E-002  1.65516023094865704E-003
   143.00000000000000      -8.80377205909068095E-002  1.50779384106626687E-003
   149.50000000000000      -8.74677185078972796E-002  1.38687480752276325E-003
   156.00000000000000      -8.69470154884849356E-002  1.27953028444809905E-003
   162.50000000000000      -8.64657303507178759E-002  1.17921631456052961E-003
   169.00000000000000      -8.60174334009054797E-002  1.08282442488694618E-003
   175.50000000000000      -8.55978595375858770E-002  9.88912095902520728E-004
   182.00000000000000      -8.52038829915128942E-002  8.97054175970136243E-004
   188.50000000000000      -8.48330976160879824E-002  8.07592353846569330E-004
   195.00000000000000      -8.44837057522146995E-002  7.21337219335356364E-004
   201.50000000000000      -8.41544126208476767E-002  6.39228322483569944E-004
   208.00000000000000      -8.38442630526516491E-002  5.62082886685633760E-004
   214.50000000000000      -8.35524795179193869E-002  4.90476914358617248E-004
   221.00000000000000      -8.32783474988284533E-002  4.24723266098365516E-004
   227.50000000000000      -8.30211523934606122E-002  3.64898598172790816E-004
   234.00000000000000      -8.27801530343222486E-002  3.10888505279639034E-004
   240.50000000000000      -8.25545767589034862E-002  2.62436218227120625E-004
   247.00000000000000      -8.23436259023772876E-002  2.19188237501421161E-004
   253.50000000000000      -8.21464895193141365E-002  1.80733744032505426E-004
   260.00000000000000      -8.19623565302667750E-002  1.46636464062426626E-004
   266.50000000000000      -8.17904280198313710E-002  1.16458902548676924E-004
   273.00000000000000      -8.16299275295724880E-002  8.97796481706461118E-005
   279.50000000000000      -8.14801089814990859E-002  6.62047908060867438E-005
   286.00000000000000      -8.13402622928307423E-002  4.53745218018135121E-005
   292.50000000000000      -8.12097168807227321E-002  2.69659450161454799E-005
   299.00000000000000      -8.10878433120744979E-002  1.06931105669081487E-005
   305.50000000000000      -8.09740534417406760E-002 -3.69478569153254195E-006
   312.00000000000000      -8.08677994473038786E-002 -1.64162752678075409E-005
   318.50000000000000      -8.07685721392879669E-002 -2.76610270666674413E-005
   325.00000000000000      -8.06758988305711910E-002 -3.75934340623807693E-005
   331.50000000000000      -8.05893409607060657E-002 -4.63561227684459437E-005
   338.00000000000000      -8.05084916200207862E-002 -5.40732071888411049E-005
   344.50000000000000      -8.04329730883384525E-002 -6.08531804879696846E-005
   351.00000000000000      -8.03624344738159413E-002 -6.67914024296662557E-005
   357.50000000000000      -8.02965495058953066E-002 -7.19721878738312058E-005
   364.00000000000000      -8.02350145088520927E-002 -7.64705290340245191E-005
   370.50000000000000      -8.01775465628170730E-002 -8.03534969682227670E-005
   377.00000000000000      -8.01238818469045960E-002 -8.36813718196408458E-005
   383.50000000000000      -8.00737741520034380E-002 -8.65085503583367228E-005
   390.00000000000000      -8.00269935470811905E-002 -8.88842753842159443E-005
   396.50000000000000      -7.99833251814414947E-002 -9.08532258305419759E-005
   403.00000000000000      -7.99425682055577569E-002 -9.24559999747625623E-005
   409.50000000000000      -7.99045347943253548E-002 -9.37295177924907382E-005
   416.00000000000000      -7.98690492583690043E-002 -9.47073626768218696E-005
   422.50000000000000      -7.98359472310580381E-002 -9.54200777407557726E-005
   429.00000000000000      -7.98050749208867732E-002 -9.58954278066972965E-005
   435.50000000000000      -7.97762884207269402E-002 -9.61586349423801775E-005
   442.00000000000000      -7.97494530670781465E-002 -9.62325929461570819E-005
   448.50000000000000      -7.97244428437936109E-002 -9.61380644007377334E-005
   455.00000000000000      -7.97011398258469644E-002 -9.58938626720157975E-005
   461.50000000000000      -7.96794336595531144E-002 -9.55170204044595623E-005
   468.00000000000000      -7.96592210763021336E-002 -9.50229455467811984E-005
   474.50000000000000      -7.96404054373459763E-002 -9.44255656446794158E-005
   481.00000000000000      -7.96228963075312907E-002 -9.37374609886090890E-005
   487.50000000000000      -7.96066090561241557E-002 -9.29699871494932755E-005
   494.00000000000000      -7.95914644830557627E-002 -9.21333874320188470E-005
   500.50000000000000      -7.95773884690507693E-002 -9.12368957952221579E-005
   507.00000000000000      -7.95643116482007279E-002 -9.02888308166014699E-005
   513.50000000000000      -7.95521691016242843E-002 -8.92966812962762513E-005
   520.00000000000000      -7.95409000709259573E-002 -8.82671841089400621E-005
   526.50000000000000      -7.95304476902262275E-002 -8.72063949098438447E-005
   533.00000000000000      -7.95207587355958034E-002 -8.61197522880113110E-005
   539.50000000000000      -7.95117833907854205E-002 -8.50121359372143034E-005
   546.00000000000000      -7.95034750282006125E-002 -8.38879193849682809E-005
   552.50000000000000      -7.94957900041290827E-002 -8.27510177839324020E-005
   559.00000000000000      -7.94886874672861565E-002 -8.16049312323270361E-005
   565.50000000000000      -7.94821291798002982E-002 -8.04527840504181178E-005
   572.00000000000000      -7.94760793498160145E-002 -7.92973604016497502E-005
   578.50000000000000      -7.94705044749445810E-002 -7.81411366093780077E-005
   585.00000000000000      -7.94653731958448462E-002 -7.69863104861470037E-005
   591.50000000000000      -7.94606561592630795E-002 -7.58348279600440237E-005
   598.00000000000000      -7.94563258899078223E-002 -7.46884072534807764E-005
   604.50000000000000      -7.94523566705778173E-002 -7.35485608439526541E-005
   611.00000000000000      -7.94487244300007417E-002 -7.24166154127422432E-005
   617.50000000000000      -7.94454066378779689E-002 -7.12937299669393624E-005
   624.00000000000000      -7.94423822066644691E-002 -7.01809123016882097E-005
   630.50000000000000      -7.94396313996456327E-002 -6.90790339532250858E-005
   637.00000000000000      -7.94371357449013132E-002 -6.79888437789977088E-005
   643.50000000000000      -7.94348779547764117E-002 -6.69109802882336929E-005
   650.00000000000000      -7.94328418505007433E-002 -6.58459828348657156E-005
   656.50000000000000      -7.94310122916265515E-002 -6.47943017745581859E-005
   663.00000000000000      -7.94293751099726247E-002 -6.37563076783607122E-005
   669.50000000000000      -7.94279170477847352E-002 -6.27322996872835698E-005
   676.00000000000000      -7.94266256998415049E-002 -6.17225130845110653E-005
   682.50000000000000      -7.94254894592522076E-002 -6.07271261555528179E-005
   689.00000000000000      -7.94244974667087239E-002 -5.97462663999727604E-005
   695.50000000000000      -7.94236395629709935E-002 -5.87800161529368606E-005
   702.00000000000000      -7.94229062443780609E-002 -5.78284176699155289E-005
   708.50000000000000      -7.94222886211909118E-002 -5.68914777230372098E-005
   715.00000000000000      -7.94217783785859666E-002 -5.59691717532126033E-005
   721.50000000000000      -7.94213677401291451E-002 -5.50614476185084010E-005
   728.00000000000000      -7.94210494335723938E-002 -5.41682289755374989E-005
   734.50000000000000      -7.94208166588233622E-002 -5.32894183273669594E-005
   741.00000000000000      -7.94206630579503692E-002 -5.24248997684872067E-005
   747.50000000000000      -7.94205826870916370E-002 -5.15745414549554070E-005
   754.00000000000000      -7.94205699901480294E-002 -5.07381978247469479E-005
   760.50000000000000      -7.94206197741448433E-002 -4.99157115917179086E-005
   767.00000000000000      -7.94207271861566838E-002 -4.91069155341367777E-005
   773.50000000000000      -7.94208876916955575E-002 -4.83116340969100489E-005
   780.00000000000000      -7.94210970544690226E-002 -4.75296848251328659E-005
   786.50000000000000      -7.94213513174211322E-002 -4.67608796447751445E-005
   793.00000000000000      -7.94216467849742647E-002 -4.60050260050123228E-005
   799.50000000000000      -7.94219800063959702E-002 -4.52619278951475916E-005
   806.00000000000000      -7.94223477602188227E-002 -4.45313867484007720E-005
   812.50000000000000      -7.94227470396466212E-002 -4.38132022434034704E-005
   819.00000000000000      -7.94231750388840751E-002 -4.31071730132058729E-005
   825.50000000000000      -7.94236291403313532E-002 -4.24130972708555094E-005
   832.00000000000000      -7.94241069025889285E-002 -4.17307733596682039E-005
   838.50000000000000      -7.94246060492206363E-002 -4.10600002358393936E-005
   845.00000000000000      -7.94251244582275945E-002 -4.04005778898682618E-005
   851.50000000000000      -7.94256601521873690E-002 -3.97523077131263231E-005
   858.00000000000000      -7.94262112890164879E-002 -3.91149928151124552E-005
   864.50000000000000      -7.94267761533169331E-002 -3.84884382963800330E-005
   871.00000000000000      -7.94273531482690698E-002 -3.78724514818102429E-005
   877.50000000000000      -7.94279407880371796E-002 -3.72668421182092367E-005
   884.00000000000000      -7.94285376906544854E-002 -3.66714225401751462E-005
   890.50000000000000      -7.94291425713580801E-002 -3.60860078076574337E-005
   897.00000000000000      -7.94297542363443104E-002 -3.55104158181261445E-005
   903.50000000000000      -7.94303715769190816E-002 -3.49444673961851805E-005
   910.00000000000000      -7.94309935640174491E-002 -3.43879863632886619E-005
   916.50000000000000      -7.94316192430694346E-002 -3.38407995897017699E-005
   923.00000000000000      -7.94322477291900392E-002 -3.33027370308093497E-005
   929.50000000000000      -7.94328782026731961E-002 -3.27736317495320610E-005
   936.00000000000000      -7.94335099047704801E-002 -3.22533199266374055E-005
   942.50000000000000      -7.94341421337364101E-002 -3.17416408605167806E-005
   949.00000000000000      -7.94347742411235791E-002 -3.12384369575923504E-005
   955.50000000000000      -7.94354056283120280E-002 -3.07435537146422393E-005
   962.00000000000000      -7.94360357432579572E-002 -3.02568396941332696E-005
   968.50000000000000      -7.94366640774480798E-002 -2.97781464936406656E-005
   975.00000000000000      -7.94372901630464173E-002 -2.93073287100521170E-005
   981.50000000000000      -7.94379135702216882E-002 -2.88442438995030622E-005
   988.00000000000000      -7.94385339046437960E-002 -2.83887525335788103E-005
   994.50000000000000      -7.94391508051387196E-002 -2.79407179526487619E-005
   1001.0000000000000      -7.94397639414920614E-002 -2.75000063165197502E-005
   1007.5000000000000      -7.94403730123915131E-002 -2.70664865533555393E-005
   1014.0000000000000      -7.94409777434999242E-002 -2.66400303069553561E-005
   1020.5000000000000      -7.94415778856503996E-002 -2.62205118828138831E-005
   1027.0000000000000      -7.94421732131560671E-002 -2.58078081934653023E-005
   1033.5000000000000      -7.94427635222269557E-002 -2.54017987032830493E-005
   1040.0000000000000      -7.94433486294877506E-002 -2.50023653730467581E-005
   1046.5000000000000      -7.94439283705894311E-002 -2.46093926045429016E-005
   1053.0000000000000      -7.94445025989095055E-002 -2.42227671852702639E-005
   1059.5000000000000      -7.94450711843347757E-002 -2.38423782335408957E-005
   1066.0000000000000      -7.94456340121219157E-002 -2.34681171441084119E-005
   1072.5000000000000      -7.94461909818304224E-002 -2.30998775343007625E-005
   1079.0000000000000      -7.94467420063241919E-002 -2.27375551910842539E-005
   1085.5000000000000      -7.94472870108363788E-002 -2.23810480189142992E-005
   1092.0000000000000      -7.94478259320943181E-002 -2.20302559883297370E-005
   1098.5000000000000      -7.94483587175006251E-002 -2.16850810856344768E-005
   1105.0000000000000      -7.94488853243668358E-002 -2.13454272636596702E-005
   1111.5000000000000      -7.94494057191960507E-002 -2.10112003935311987E-005
   1118.0000000000000      -7.94499198770119569E-002 -2.06823082174478981E-005
   1124.5000000000000      -7.94504277807309145E-002 -2.03586603026706517E-005
   1131.0000000000000      -7.94509294205748146E-002 -2.00401679965797360E-005
   1137.5000000000000      -7.94514247935216994E-002 -1.97267443828593757E-005
   1144.0000000000000      -7.94519139027920623E-002 -1.94183042388148927E-005
   1150.5000000000000      -7.94523967573685236E-002 -1.91147639939094234E-005
   1157.0000000000000      -7.94528733715467450E-002 -1.88160416893044447E-005
   1163.5000000000000      -7.94533437645154605E-002 -1.85220569385504964E-005
   1170.0000000000000      -7.94538079599643315E-002 -1.82327308893640807E-005
   1176.5000000000000      -7.94542659857170458E-002 -1.79479861865082795E-005
   1183.0000000000000      -7.94547178733889942E-002 -1.76677469357590922E-005
   1189.5000000000000      -7.94551636580670129E-002 -1.73919386688259117E-005
   1196.0000000000000      -7.94556033780107751E-002 -1.71204883093603935E-005
   1202.5000000000000      -7.94560370743736949E-002 -1.68533241400136236E-005
   1209.0000000000000      -7.94564647909423855E-002 -1.65903757703376591E-005
   1215.5000000000000      -7.94568865738936314E-002 -1.63315741057130019E-005
   1222.0000000000000      -7.94573024715677367E-002 -1.60768513172192440E-005
   1228.5000000000000      -7.94577125342568469E-002 -1.58261408123411139E-005
   1235.0000000000000      -7.94581168140077732E-002 -1.55793772065943876E-005
   1241.5000000000000      -7.94585153644382647E-002 -1.53364962959239573E-005
   1248.0000000000000      -7.94589082405656733E-002 -1.50974350300507905E-005
   1254.5000000000000      -7.94592954986474143E-002 -1.48621314865661243E-005
   1261.0000000000000      -7.94596771960323356E-002 -1.46305248456915594E-005
   1267.5000000000000      -7.94600533910227169E-002 -1.44025553658984061E-005
   1274.0000000000000      -7.94604241427454977E-002 -1.41781643601876851E-005
   1280.5000000000000      -7.94607895110328033E-002 -1.39572941731735411E-005
   1287.0000000000000      -7.94611495563107839E-002 -1.37398881586937445E-005
   1293.5000000000000      -7.94615043394965304E-002 -1.35258906582047526E-005
   1300.0000000000000      -7.94618539219021230E-002 -1.33152469796722607E-005
   1306.5000000000000      -7.94621983651459668E-002 -1.31079033771318078E-005
   1313.0000000000000      -7.94625377310703845E-002 -1.29038070308652885E-005
   1319.5000000000000      -7.94628720816652201E-002 -1.27029060281474992E-005
   1326.0000000000000      -7.94632014789974223E-002 -1.25051493444484254E-005
   1332.5000000000000      -7.94635259851456804E-002 -1.23104868252895676E-005
   1339.0000000000000      -7.94638456621399175E-002 -1.21188691684887822E-005
   1345.5000000000000      -7.94641605719059591E-002 -1.19302479069581938E-005
   1352.0000000000000      -7.94644707762138941E-002 -1.17445753919437552E-005
   1358.5000000000000      -7.94647763366310017E-002 -1.15618047767107364E-005
   1365.0000000000000      -7.94650773144782441E-002 -1.13818900007497203E-005
   1371.5000000000000      -7.94653737707904095E-002 -1.12047857743176155E-005
   1378.0000000000000      -7.94656657662794197E-002 -1.10304475634965275E-005
   1384.5000000000000      -7.94659533613008423E-002 -1.08588315754703506E-005
   1391.0000000000000      -7.94662366158233324E-002 -1.06898947442968540E-005
   1397.5000000000000      -7.94665155894007380E-002 -1.05235947170171140E-005
   1404.0000000000000      -7.94667903411467452E-002 -1.03598898401666682E-005
   1410.5000000000000      -7.94670609297117858E-002 -1.01987391465935522E-005
   1417.0000000000000      -7.94673274132623314E-002 -1.00401023425798492E-005
   1423.5000000000000      -7.94675898494620336E-002 -9.88393979534683455E-006
   1430.0000000000000      -7.94678482954548349E-002 -9.73021252079676930E-006
   1436.5000000000000      -7.94681028078499524E-002 -9.57888217152133577E-006
   1443.0000000000000      -7.94683534427085836E-002 -9.42991102524756972E-006
   1449.5000000000000      -7.94686002555317628E-002 -9.28326197348250611E-006
   1456.0000000000000      -7.94688433012501472E-002 -9.13889851032723653E-006
   1462.5000000000000      -7.94690826342147466E-002 -8.99678472164482664E-006
   1469.0000000000000      -7.94693183081893323E-002 -8.85688527449539782E-006
   1475.5000000000000      -7.94695503763435257E-002 -8.71916540681908803E-006
   1482.0000000000000      -7.94697788912473307E-002 -8.58359091728422979E-006
   1488.5000000000000      -7.94700039048663737E-002 -8.45012815543961979E-006
   1495.0000000000000      -7.94702254685583781E-002 -8.31874401190131353E-006
   1501.5000000000000      -7.94704436330702368E-002 -8.18940590901022797E-006
   1508.0000000000000      -7.94706584485361661E-002 -8.06208179159238094E-006
   1514.5000000000000      -7.94708699644762068E-002 -7.93674011789453234E-006
   1521.0000000000000      -7.94710782297957802E-002 -7.81334985069624880E-006
   1527.5000000000000      -7.94712832927855911E-002 -7.69188044864495821E-006
   1534.0000000000000      -7.94714852011224604E-002 -7.57230185775542609E-006
   1540.5000000000000      -7.94716840018702686E-002 -7.45458450312309841E-006
   1547.0000000000000      -7.94718797414817046E-002 -7.33869928077290197E-006
   1553.5000000000000      -7.94720724658004168E-002 -7.22461754966262653E-006
   1560.0000000000000      -7.94722622200635248E-002 -7.11231112388673198E-006
   1566.5000000000000      -7.94724490489044644E-002 -7.00175226500088132E-006
   1573.0000000000000      -7.94726329963564848E-002 -6.89291367452376362E-006
   1579.5000000000000      -7.94728141058560211E-002 -6.78576848661708439E-006
   1586.0000000000000      -7.94729924202466353E-002 -6.68029026082401657E-006
   1592.5000000000000      -7.94731679817832631E-002 -6.57645297498647864E-006
   1599.0000000000000      -7.94733408321366547E-002 -6.47423101835420659E-006
   1605.5000000000000      -7.94735110123978433E-002 -6.37359918479204426E-006
   1612.0000000000000      -7.94736785630831277E-002 -6.27453266603278816E-006
   1618.5000000000000      -7.94738435241390540E-002 -6.17700704516079178E-006
   1625.0000000000000      -7.94740059349475780E-002 -6.08099829021595045E-006
   1631.5000000000000      -7.94741658343313673E-002 -5.98648274784227641E-006
   1638.0000000000000      -7.94743232605594069E-002 -5.89343713711184023E-006
   1644.5000000000000      -7.94744782513523984E-002 -5.80183854352294949E-006
   1651.0000000000000      -7.94746308438883942E-002 -5.71166441293419514E-006
   1657.5000000000000      -7.94747810748087924E-002 -5.62289254576209793E-006
   1664.0000000000000      -7.94749289802238329E-002 -5.53550109120071676E-006
   1670.5000000000000      -7.94750745957188698E-002 -5.44946854160882717E-006
   1677.0000000000000      -7.94752179563599920E-002 -5.36477372697217154E-006
   1683.5000000000000      -7.94753590967001849E-002 -5.28139580939451014E-006
   1690.0000000000000      -7.94754980507853120E-002 -5.19931427781370002E-006
   1696.5000000000000      -7.94756348521601791E-002 -5.11850894271442552E-006
   1703.0000000000000      -7.94757695338745435E-002 -5.03895993097135162E-006
   1709.5000000000000      -7.94759021284893036E-002 -4.96064768076483067E-006
   1716.0000000000000      -7.94760326680825357E-002 -4.88355293658715613E-006
   1722.5000000000000      -7.94761611842555310E-002 -4.80765674437973624E-006
   1729.0000000000000      -7.94762877081388874E-002 -4.73294044670602780E-006
   1735.5000000000000      -7.94764122703986442E-002 -4.65938567798803794E-006
   1742.0000000000000      -7.94765349012422351E-002 -4.58697435989958471E-006
   1748.5000000000000      -7.94766556304246224E-002 -4.51568869675119487E-006
   1755.0000000000000      -7.94767744872541121E-002 -4.44551117103939806E-006
   1761.5000000000000      -7.94768915005985149E-002 -4.37642453896355165E-006
   1768.0000000000000      -7.94770066988909618E-002 -4.30841182611557556E-006
   1774.5000000000000      -7.94771201101358432E-002 -4.24145632325680093E-006
   1781.0000000000000      -7.94772317619147212E-002 -4.17554158204253667E-006
   1787.5000000000000      -7.94773416813920330E-002 -4.11065141090608471E-006
   1794.0000000000000      -7.94774498953209757E-002 -4.04676987105321699E-006
   1800.5000000000000      -7.94775564300491261E-002 -3.98388127238831540E-006
   1807.0000000000000      -7.94776613115242142E-002 -3.92197016964433584E-006
   1813.5000000000000      -7.94777645652996884E-002 -3.86102135849505406E-006
   1820.0000000000000      -7.94778662165403493E-002 -3.80101987175105341E-006
   1826.5000000000000      -7.94779662900278600E-002 -3.74195097563541834E-006
   1833.0000000000000      -7.94780648101661436E-002 -3.68380016611645619E-006
   1839.5000000000000      -7.94781618009868795E-002 -3.62655316525816545E-006
   1846.0000000000000      -7.94782572861548187E-002 -3.57019591767024790E-006
   1852.5000000000000      -7.94783512889731258E-002 -3.51471458704220688E-006
   1859.0000000000000      -7.94784438323885983E-002 -3.46009555267068247E-006
   1865.5000000000000      -7.94785349389968421E-002 -3.40632540607867109E-006
   1872.0000000000000      -7.94786246310474065E-002 -3.35339094768146705E-006
   1878.5000000000000      -7.94787129304489054E-002 -3.30127918351429472E-006
   1885.0000000000000      -7.94787998587739020E-002 -3.24997732203216980E-006
   1891.5000000000000      -7.94788854372638909E-002 -3.19947277085354423E-006
   1898.0000000000000      -7.94789696868342943E-002 -3.14975313368775563E-006
   1904.5000000000000      -7.94790526280792775E-002 -3.10080620730480458E-006
   1911.0000000000000      -7.94791342812763285E-002 -3.05261997848303796E-006
   1917.5000000000000      -7.94792146663911570E-002 -3.00518262102849715E-006
   1924.0000000000000      -7.94792938030822183E-002 -2.95848249284697338E-006
   1930.5000000000000      -7.94793717107053765E-002 -2.91250813302884383E-006
   1937.0000000000000      -7.94794484083184427E-002 -2.86724825903961371E-006
   1943.5000000000000      -7.94795239146856014E-002 -2.82269176394894750E-006
   1950.0000000000000      -7.94795982482818242E-002 -2.77882771371481706E-006
   1956.5000000000000      -7.94796714272971716E-002 -2.73564534443421562E-006
   1963.0000000000000      -7.94797434696411648E-002 -2.69313405966228795E-006
   1969.5000000000000      -7.94798143929469625E-002 -2.65128342784311378E-006
   1976.0000000000000      -7.94798842145756357E-002 -2.61008317970994011E-006
   1982.5000000000000      -7.94799529516201225E-002 -2.56952320577855068E-006
   1989.0000000000000      -7.94800206209093502E-002 -2.52959355381929697E-006
   1995.5000000000000      -7.94800872390123425E-002 -2.49028442641589926E-006
   2002.0000000000000      -7.94801528222420367E-002 -2.45158617859647044E-006
   2008.5000000000000      -7.94802173866591966E-002 -2.41348931535184833E-006
   2015.0000000000000      -7.94802809480763262E-002 -2.37598448941435216E-006
   2021.5000000000000      -7.94803435220613336E-002 -2.33906249885543116E-006
   2028.0000000000000      -7.94804051239413750E-002 -2.30271428485370135E-006
   2034.5000000000000      -7.94804657688064214E-002 -2.26693092947831667E-006
   2041.0000000000000      -7.94805254715130055E-002 -2.23170365350198409E-006
   2047.5000000000000      -7.94805842466876356E-002 -2.19702381419501629E-006
   2054.0000000000000      -7.94806421087304593E-002 -2.16288290325124860E-006
   2060.5000000000000      -7.94806990718186085E-002 -2.12927254464543701E-006
   2067.0000000000000      -7.94807551499097098E-002 -2.09618449260734169E-006
   2073.5000000000000      -7.94808103567452018E-002 -2.06361062958112595E-006
   2080.0000000000000      -7.94808647058536655E-002 -2.03154296421447335E-006
   2086.5000000000000      -7.94809182105540857E-002 -1.99997362942118699E-006
   2093.0000000000000      -7.94809708839590429E-002 -1.96889488043448975E-006
   2099.5000000000000      -7.94810227389778495E-002 -1.93829909283005060E-006
   2106.0000000000000      -7.94810737883199364E-002 -1.90817876075908026E-006
   2112.5000000000000      -7.94811240444975864E-002 -1.87852649512519143E-006
   2119.0000000000000      -7.94811735198290709E-002 -1.84933502167238905E-006
   2125.5000000000000      -7.94812222264416890E-002 -1.82059717918191580E-006
   2132.0000000000000      -7.94812701762747376E-002 -1.79230591776338754E-006
   2138.5000000000000      -7.94813173810824114E-002 -1.76445429718927748E-006
   2145.0000000000000      -7.94813638524365096E-002 -1.73703548509356911E-006
   2151.5000000000000      -7.94814096017293775E-002 -1.71004275529874018E-006
   2158.0000000000000      -7.94814546401766131E-002 -1.68346948617390403E-006
   2164.5000000000000      -7.94814989788198700E-002 -1.65730915901856789E-006
   2171.0000000000000      -7.94815426285294668E-002 -1.63155535645393302E-006
   2177.5000000000000      -7.94815856000071069E-002 -1.60620176083860179E-006
   2184.0000000000000      -7.94816279037884599E-002 -1.58124215279616122E-006
   2190.5000000000000      -7.94816695502456316E-002 -1.55667040961005619E-006
   2197.0000000000000      -7.94817105495897597E-002 -1.53248050367664935E-006
   2203.5000000000000      -7.94817509118735527E-002 -1.50866650110329459E-006
   2210.0000000000000      -7.94817906469937052E-002 -1.48522256023732813E-006
   2216.5000000000000      -7.94818297646932709E-002 -1.46214293023721457E-006
   2223.0000000000000      -7.94818682745640492E-002 -1.43942194962342306E-006
   2229.5000000000000      -7.94819061860489867E-002 -1.41705404490461372E-006
   2236.0000000000000      -7.94819435084444109E-002 -1.39503372920775012E-006
   2242.5000000000000      -7.94819802509023760E-002 -1.37335560096874389E-006
   2249.0000000000000      -7.94820164224328413E-002 -1.35201434257935304E-006
   2255.5000000000000      -7.94820520319057255E-002 -1.33100471904784774E-006
   2262.0000000000000      -7.94820870880534186E-002 -1.31032157671751981E-006
   2268.5000000000000      -7.94821215994726549E-002 -1.28995984205741862E-006
   2275.0000000000000      -7.94821555746267061E-002 -1.26991452040861468E-006
   2281.5000000000000      -7.94821890218473659E-002 -1.25018069472976162E-006
   2288.0000000000000      -7.94822219493371007E-002 -1.23075352441019932E-006
   2294.5000000000000      -7.94822543651709373E-002 -1.21162824404157210E-006
   2301.0000000000000      -7.94822862772985445E-002 -1.19280016228720621E-006
   2307.5000000000000      -7.94823176935461201E-002 -1.17426466070522380E-006
   2314.0000000000000      -7.94823486216182790E-002 -1.15601719262263690E-006
   2320.5000000000000      -7.94823790691000925E-002 -1.13805328204655409E-006
   2327.0000000000000      -7.94824090434587127E-002 -1.12036852255710358E-006
   2333.5000000000000      -7.94824385520453564E-002 -1.10295857620335243E-006
   2340.0000000000000      -7.94824676020970400E-002 -1.08581917245029302E-006
   2346.5000000000000      -7.94824962007383284E-002 -1.06894610712527121E-006
   2353.0000000000000      -7.94825243549832083E-002 -1.05233524136865786E-006
   2359.5000000000000      -7.94825520717367257E-002 -1.03598250066030766E-006
   2366.0000000000000      -7.94825793577965817E-002 -1.01988387383716482E-006
   2372.5000000000000      -7.94826062198549649E-002 -1.00403541203585783E-006
   2379.0000000000000      -7.94826326645000081E-002 -9.88433227770061657E-007
   2385.5000000000000      -7.94826586982175787E-002 -9.73073493944072148E-007
   2392.0000000000000      -7.94826843273928191E-002 -9.57952442942129802E-007
   2398.5000000000000      -7.94827095583115761E-002 -9.43066365741147459E-007
   2405.0000000000000      -7.94827343971621220E-002 -9.28411610910657884E-007
   2411.5000000000000      -7.94827588500365972E-002 -9.13984583747530648E-007
   2418.0000000000000      -7.94827829229324684E-002 -8.99781745472686741E-007
   2424.5000000000000      -7.94828066217540680E-002 -8.85799612283849343E-007
   2431.0000000000000      -7.94828299523138854E-002 -8.72034754522949401E-007
   2437.5000000000000      -7.94828529203342876E-002 -8.58483795768304302E-007
   2444.0000000000000      -7.94828755314485463E-002 -8.45143412141667741E-007
   2450.5000000000000      -7.94828977912025586E-002 -8.32010331363602055E-007
   2457.0000000000000      -7.94829197050560682E-002 -8.19081332022127850E-007
   2463.5000000000000      -7.94829412783838590E-002 -8.06353242790238566E-007
   2470.0000000000000      -7.94829625164773096E-002 -7.93822941608971503E-007
   2476.5000000000000      -7.94829834245455863E-002 -7.81487354923967179E-007
   2483.0000000000000      -7.94830040077168787E-002 -7.69343456961276379E-007
   2489.5000000000000      -7.94830242710397178E-002 -7.57388268960431652E-007
   2496.0000000000000      -7.94830442194841974E-002 -7.45618858467764220E-007
   2502.5000000000000      -7.94830638579431675E-002 -7.34032338556718519E-007
   2509.0000000000000      -7.94830831912334973E-002 -7.22625867192364566E-007
   2515.5000000000000      -7.94831022240971713E-002 -7.11396646497827297E-007
   2522.0000000000000      -7.94831209612025941E-002 -7.00341922103312841E-007
   2528.5000000000000      -7.94831394071454922E-002 -6.89458982414056169E-007
   2535.0000000000000      -7.94831575664502465E-002 -6.78745157961334718E-007
   2541.5000000000000      -7.94831754435709609E-002 -6.68197820765753725E-007
   2548.0000000000000      -7.94831930428925165E-002 -6.57814383686308078E-007
   2554.5000000000000      -7.94832103687316410E-002 -6.47592299801863822E-007
   2561.0000000000000      -7.94832274253380044E-002 -6.37529061738374502E-007
   2567.5000000000000      -7.94832442168953157E-002 -6.27622201132598450E-007
   2574.0000000000000      -7.94832607475221692E-002 -6.17869287953478540E-007
   2580.5000000000000      -7.94832770212731687E-002 -6.08267929935556557E-007
   2587.0000000000000      -7.94832930421399825E-002 -5.98815771964645824E-007
   2593.5000000000000      -7.94833088140522448E-002 -5.89510495559004037E-007
   2600.0000000000000      -7.94833243408784862E-002 -5.80349818256073366E-007
   2606.5000000000000      -7.94833396264271463E-002 -5.71331493045550504E-007
   2613.0000000000000      -7.94833546744475039E-002 -5.62453307843421665E-007
   2619.5000000000000      -7.94833694886305786E-002 -5.53713084964173703E-007
   2626.0000000000000      -7.94833840726099777E-002 -5.45108680525946492E-007
   2632.5000000000000      -7.94833984299629648E-002 -5.36637983974242693E-007
   2639.0000000000000      -7.94834125642111117E-002 -5.28298917587838723E-007
   2645.5000000000000      -7.94834264788212841E-002 -5.20089435885600060E-007
   2652.0000000000000      -7.94834401772064880E-002 -5.12007525157599174E-007
   2658.5000000000000      -7.94834536627267163E-002 -5.04051203014522049E-007
   2665.0000000000000      -7.94834669386897813E-002 -4.96218517871858371E-007
   2671.5000000000000      -7.94834800083520504E-002 -4.88507548499523940E-007
   2678.0000000000000      -7.94834928749192510E-002 -4.80916403500631011E-007
   2684.5000000000000      -7.94835055415474140E-002 -4.73443220862356743E-007
   2691.0000000000000      -7.94835180113433737E-002 -4.66086167521504401E-007
   2697.5000000000000      -7.94835302873657945E-002 -4.58843438848566582E-007
   2704.0000000000000      -7.94835423726258233E-002 -4.51713258326061494E-007
   2710.5000000000000      -7.94835542700877834E-002 -4.44693877027085177E-007
   2717.0000000000000      -7.94835659826698820E-002 -4.37783573170897193E-007
   2723.5000000000000      -7.94835775132450573E-002 -4.30980651735192402E-007
   2730.0000000000000      -7.94835888646416022E-002 -4.24283444043633510E-007
   2736.5000000000000      -7.94836000396438591E-002 -4.17690307384718373E-007
   2743.0000000000000      -7.94836110409928576E-002 -4.11199624567889523E-007
   2749.5000000000000      -7.94836218713870085E-002 -4.04809803488660517E-007
   2756.0000000000000      -7.94836325334828953E-002 -3.98519276799072690E-007
   2762.5000000000000      -7.94836430298957314E-002 -3.92326501514563601E-007
   2769.0000000000000      -7.94836533632002212E-002 -3.86229958629852156E-007
   2775.5000000000000      -7.94836635359309207E-002 -3.80228152786251270E-007
   2782.0000000000000      -7.94836735505830422E-002 -3.74319611827036403E-007
   2788.5000000000000      -7.94836834096129680E-002 -3.68502886439640895E-007
   2795.0000000000000      -7.94836931154390275E-002 -3.62776549805603241E-007
   2801.5000000000000      -7.94837026704419830E-002 -3.57139197376823762E-007
   2808.0000000000000      -7.94837120769654043E-002 -3.51589446384601916E-007
   2814.5000000000000      -7.94837213373166679E-002 -3.46125935538300093E-007
   2821.0000000000000      -7.94837304537671652E-002 -3.40747324730567358E-007
   2827.5000000000000      -7.94837394285530519E-002 -3.35452294639039785E-007
   2834.0000000000000      -7.94837482638757198E-002 -3.30239546476485803E-007
   2840.5000000000000      -7.94837569619023382E-002 -3.25107801626984264E-007
   2847.0000000000000      -7.94837655247663810E-002 -3.20055801352376542E-007
   2853.5000000000000      -7.94837739545682098E-002 -3.15082306443099333E-007
   2860.0000000000000      -7.94837822533755317E-002 -3.10186096972685282E-007
   2866.5000000000000      -7.94837904232239267E-002 -3.05365971964930970E-007
   2873.0000000000000      -7.94837984661173752E-002 -3.00620749105498554E-007
   2879.5000000000000      -7.94838063840286602E-002 -2.95949264465607635E-007
   2886.0000000000000      -7.94838141788999225E-002 -2.91350372188808883E-007
   2892.5000000000000      -7.94838218526431745E-002 -2.86822944247345700E-007
   2899.0000000000000      -7.94838294071405910E-002 -2.82365870123380838E-007
   2905.5000000000000      -7.94838368442452731E-002 -2.77978056521736873E-007
   2912.0000000000000      -7.94838441657813449E-002 -2.73658427168054237E-007
   2918.5000000000000      -7.94838513735447588E-002 -2.69405922501817158E-007
   2925.0000000000000      -7.94838584693034894E-002 -2.65219499474366480E-007
   2931.5000000000000      -7.94838654547980056E-002 -2.61098131217441800E-007
   2938.0000000000000      -7.94838723317417284E-002 -2.57040806832556509E-007
   2944.5000000000000      -7.94838791018214891E-002 -2.53046531102112332E-007
   2951.0000000000000      -7.94838857666978621E-002 -2.49114324259313473E-007
   2957.5000000000000      -7.94838923280056509E-002 -2.45243221775771459E-007
   2964.0000000000000      -7.94838987873543040E-002 -2.41432274132702589E-007
   2970.5000000000000      -7.94839051463281931E-002 -2.37680546579041692E-007
   2977.0000000000000      -7.94839114064870844E-002 -2.33987118857176055E-007
   2983.5000000000000      -7.94839175693665273E-002 -2.30351085028388190E-007
   2990.0000000000000      -7.94839236364781460E-002 -2.26771553208148242E-007
   2996.5000000000000      -7.94839296093101388E-002 -2.23247645393020850E-007
   3003.0000000000000      -7.94839354893275424E-002 -2.19778497211967481E-007
   3009.5000000000000      -7.94839412779726612E-002 -2.16363257707355490E-007
   3016.0000000000000      -7.94839469766653595E-002 -2.13001089165136003E-007
   3022.5000000000000      -7.94839525868034913E-002 -2.09691166925469907E-007
   3029.0000000000000      -7.94839581097630810E-002 -2.06432679092414663E-007
   3035.5000000000000      -7.94839635468989059E-002 -2.03224826404633170E-007
   3042.0000000000000      -7.94839688995445937E-002 -2.00066822033208195E-007
   3048.5000000000000      -7.94839741690130802E-002 -1.96957891372987475E-007
   3055.0000000000000      -7.94839793565968594E-002 -1.93897271850951331E-007
   3061.5000000000000      -7.94839844635683440E-002 -1.90884212703716010E-007
   3068.0000000000000      -7.94839894911802403E-002 -1.87917974858181132E-007
   3074.5000000000000      -7.94839944406657423E-002 -1.84997830718429965E-007
   3081.0000000000000      -7.94839993132389760E-002 -1.82123064031306089E-007
   3087.5000000000000      -7.94840041100950412E-002 -1.79292969676078494E-007
   3094.0000000000000      -7.94840088324105798E-002 -1.76506853459852496E-007
   3100.5000000000000      -7.94840134813439153E-002 -1.73764032019304811E-007
   3107.0000000000000      -7.94840180580353023E-002 -1.71063832570847375E-007
   3113.5000000000000      -7.94840225636073566E-002 -1.68405592756146453E-007
   3120.0000000000000      -7.94840269991652359E-002 -1.65788660524541048E-007
   3126.5000000000000      -7.94840313657969727E-002 -1.63212394020376164E-007
   3133.0000000000000      -7.94840356645736268E-002 -1.60676161321095715E-007
   3139.5000000000000      -7.94840398965496048E-002 -1.58179340335056448E-007
   3146.0000000000000      -7.94840440627629374E-002 -1.55721318586982461E-007
   3152.5000000000000      -7.94840481642355851E-002 -1.53301493164803011E-007
   3159.0000000000000      -7.94840522019735068E-002 -1.50919270517159939E-007
   3165.5000000000000      -7.94840561769672022E-002 -1.48574066329193974E-007
   3172.0000000000000      -7.94840600901916133E-002 -1.46265305361522808E-007
   3178.5000000000000      -7.94840639426066392E-002 -1.43992421283201630E-007
   3185.0000000000000      -7.94840677351572322E-002 -1.41754856599009307E-007
   3191.5000000000000      -7.94840714687736205E-002 -1.39552062459351570E-007
   3198.0000000000000      -7.94840751443716409E-002 -1.37383498559791674E-007
   3204.5000000000000      -7.94840787628528639E-002 -1.35248632987202141E-007
   3211.0000000000000      -7.94840823251048295E-002 -1.33146942093256179E-007
   3217.5000000000000      -7.94840858320012972E-002 -1.31077910330297926E-007
   3224.0000000000000      -7.94840892844025232E-002 -1.29041030191729164E-007
   3230.5000000000000      -7.94840926831552885E-002 -1.27035802074821567E-007
   3237.0000000000000      -7.94840960290932458E-002 -1.25061734128458872E-007
   3243.5000000000000      -7.94840993230371412E-002 -1.23118342120104826E-007
   3250.0000000000000      -7.94841025657949257E-002 -1.21205149380978999E-007
