   0.0000000000000000        0.0000000000000000        0.0000000000000000     
   6.5000000000000000       5.12228342001244067E-003   0.0000000000000000     
   13.000000000000000       1.79061146230838804E-002   0.0000000000000000     
   19.500000000000000       3.32858206089770292E-002   0.0000000000000000     
   26.000000000000000       4.77472538902545540E-002   0.0000000000000000     
   32.500000000000000       6.04943329036731203E-002   0.0000000000000000     
   39.000000000000000       7.21511970371932210E-002   0.0000000000000000     
   45.500000000000000       8.33861393285581926E-002   0.0000000000000000     
   52.000000000000000       9.44845370875538187E-002   0.0000000000000000     
   58.500000000000000       0.10548268541734525        0.0000000000000000     
   65.000000000000000       0.11634836699938765        0.0000000000000000     
   71.500000000000000       0.12705718141612915        0.0000000000000000     
   78.000000000000000       0.13760409228117318        0.0000000000000000     
   84.500000000000000       0.14799748252094300        0.0000000000000000     
   91.000000000000000       0.15825272679468683        0.0000000000000000     
   97.500000000000000       0.16838764309013898        0.0000000000000000     
   104.00000000000000       0.17841938619798331        0.0000000000000000     
   110.50000000000000       0.18836249256730156        0.0000000000000000     
   117.00000000000000       0.19822794483247946        0.0000000000000000     
   123.50000000000000       0.20802303043452766        0.0000000000000000     
   130.00000000000000       0.21775162987407315        0.0000000000000000     
   136.50000000000000       0.22741463679868332        0.0000000000000000     
   143.00000000000000       0.23701047992942395        0.0000000000000000     
   149.50000000000000       0.24653584231350573        0.0000000000000000     
   156.00000000000000       0.25598649481911734        0.0000000000000000     
   162.50000000000000       0.26535798436292557        0.0000000000000000     
   169.00000000000000       0.27464601744123429        0.0000000000000000     
   175.50000000000000       0.28384660543261336        0.0000000000000000     
   182.00000000000000       0.29295612322147346        0.0000000000000000     
   188.50000000000000       0.30197136079919473        0.0000000000000000     
   195.00000000000000       0.31088956465299333        0.0000000000000000     
   201.50000000000000       0.31970844791599040        0.0000000000000000     
   208.00000000000000       0.32842616755724208        0.0000000000000000     
   214.50000000000000       0.33704128155177349        0.0000000000000000     
   221.00000000000000       0.34555269930054372        0.0000000000000000     
   227.50000000000000       0.35395963306296080        0.0000000000000000     
   234.00000000000000       0.36226155368906249        0.0000000000000000     
   240.50000000000000       0.37045815173232483        0.0000000000000000     
   247.00000000000000       0.37854930410798165        0.0000000000000000     
   253.50000000000000       0.38653504602794764        0.0000000000000000     
   260.00000000000000       0.39441554769844617        0.0000000000000000     
   266.50000000000000       0.40219109514591711        0.0000000000000000     
   273.00000000000000       0.40986207451460460        0.0000000000000000     
   279.50000000000000       0.41742895921647344        0.0000000000000000     
   286.00000000000000       0.42489229937226369        0.0000000000000000     
   292.50000000000000       0.43225271304712826        0.0000000000000000     
   299.00000000000000       0.43951087886068180        0.0000000000000000     
   305.50000000000000       0.44666752963863482        0.0000000000000000     
   312.00000000000000       0.45372344685638782        0.0000000000000000     
   318.50000000000000       0.46067945569033958        0.0000000000000000     
   325.00000000000000       0.46753642054013445        0.0000000000000000     
   331.50000000000000       0.47429524092205277        0.0000000000000000     
   338.00000000000000       0.48095684766473823        0.0000000000000000     
   344.50000000000000       0.48752219936314217        0.0000000000000000     
   351.00000000000000       0.49399227906383658        0.0000000000000000     
   357.50000000000000       0.50036809116541248        0.0000000000000000     
   364.00000000000000       0.50665065852348345        0.0000000000000000     
   370.50000000000000       0.51284101975267060        0.0000000000000000     
   377.00000000000000       0.51894022671905904        0.0000000000000000     
   383.50000000000000       0.52494934221667011        0.0000000000000000     
   390.00000000000000       0.53086943782097995        0.0000000000000000     
   396.50000000000000       0.53670159191176969        0.0000000000000000     
   403.00000000000000       0.54244688785685624        0.0000000000000000     
   409.50000000000000       0.54810641234766833        0.0000000000000000     
   416.00000000000000       0.55368125387727063        0.0000000000000000     
   422.50000000000000       0.55917250135129992        0.0000000000000000     
   429.00000000000000       0.56458124282234867        0.0000000000000000     
   435.50000000000000       0.56990856433858683        0.0000000000000000     
   442.00000000000000       0.57515554889779230        0.0000000000000000     
   448.50000000000000       0.58032327549843887        0.0000000000000000     
   455.00000000000000       0.58541281828002290        0.0000000000000000     
   461.50000000000000       0.59042524574536737        0.0000000000000000     
   468.00000000000000       0.59536162005819981        0.0000000000000000     
   474.50000000000000       0.60022299640984744        0.0000000000000000     
   481.00000000000000       0.60501042244940162        0.0000000000000000     
   487.50000000000000       0.60972493777219416        0.0000000000000000     
   494.00000000000000       0.61436757346186210        0.0000000000000000     
   500.50000000000000       0.61893935168168535        0.0000000000000000     
   507.00000000000000       0.62344128531124854        0.0000000000000000     
   513.50000000000000       0.62787437762480625        0.0000000000000000     
   520.00000000000000       0.63223962200802963        0.0000000000000000     
   526.50000000000000       0.63653800171008357        0.0000000000000000     
   533.00000000000000       0.64077048962822158        0.0000000000000000     
   539.50000000000000       0.64493804812231237        0.0000000000000000     
   546.00000000000000       0.64904162885690608        0.0000000000000000     
   552.50000000000000       0.65308217266863156        0.0000000000000000     
   559.00000000000000       0.65706060945688705        0.0000000000000000     
   565.50000000000000       0.66097785809593390        0.0000000000000000     
   572.00000000000000       0.66483482636664815        0.0000000000000000     
   578.50000000000000       0.66863241090631131        0.0000000000000000     
   585.00000000000000       0.67237149717494493        0.0000000000000000     
   591.50000000000000       0.67605295943680155        0.0000000000000000     
   598.00000000000000       0.67967766075573033        0.0000000000000000     
   604.50000000000000       0.68324645300322906        0.0000000000000000     
   611.00000000000000       0.68676017687808444        0.0000000000000000     
   617.50000000000000       0.69021966193658191        0.0000000000000000     
   624.00000000000000       0.69362572663234612        0.0000000000000000     
   630.50000000000000       0.69697917836493983        0.0000000000000000     
   637.00000000000000       0.70028081353642047        0.0000000000000000     
   643.50000000000000       0.70353141761510318        0.0000000000000000     
   650.00000000000000       0.70673176520585090        0.0000000000000000     
   656.50000000000000       0.70988262012624959        0.0000000000000000     
   663.00000000000000       0.71298473548808505        0.0000000000000000     
   669.50000000000000       0.71603885378357690        0.0000000000000000     
   676.00000000000000       0.71904570697587022        0.0000000000000000     
   682.50000000000000       0.72200601659332053        0.0000000000000000     
   689.00000000000000       0.72492049382714807        0.0000000000000000     
   695.50000000000000       0.72778983963206434        0.0000000000000000     
   702.00000000000000       0.73061474482951083        0.0000000000000000     
   708.50000000000000       0.73339589021317309        0.0000000000000000     
   715.00000000000000       0.73613394665645893        0.0000000000000000     
   721.50000000000000       0.73882957522166381        0.0000000000000000     
   728.00000000000000       0.74148342727055394        0.0000000000000000     
   734.50000000000000       0.74409614457612949        0.0000000000000000     
   741.00000000000000       0.74666835943534526        0.0000000000000000     
   747.50000000000000       0.74920069478258733        0.0000000000000000     
   754.00000000000000       0.75169376430371504        0.0000000000000000     
   760.50000000000000       0.75414817255049804        0.0000000000000000     
   767.00000000000000       0.75656451505529132        0.0000000000000000     
   773.50000000000000       0.75894337844580329        0.0000000000000000     
   780.00000000000000       0.76128534055982422        0.0000000000000000     
   786.50000000000000       0.76359097055979486        0.0000000000000000     
   793.00000000000000       0.76586082904710429        0.0000000000000000     
   799.50000000000000       0.76809546817601582        0.0000000000000000     
   806.00000000000000       0.77029543176713078        0.0000000000000000     
   812.50000000000000       0.77246125542030430        0.0000000000000000     
   819.00000000000000       0.77459346662693906        0.0000000000000000     
   825.50000000000000       0.77669258488158788        0.0000000000000000     
   832.00000000000000       0.77875912179280171        0.0000000000000000     
   838.50000000000000       0.78079358119317033        0.0000000000000000     
   845.00000000000000       0.78279645924850005        0.0000000000000000     
   851.50000000000000       0.78476824456608796        0.0000000000000000     
   858.00000000000000       0.78670941830205054        0.0000000000000000     
   864.50000000000000       0.78862045426767013        0.0000000000000000     
   871.00000000000000       0.79050181903472705        0.0000000000000000     
   877.50000000000000       0.79235397203979085        0.0000000000000000     
   884.00000000000000       0.79417736568744512        0.0000000000000000     
   890.50000000000000       0.79597244545242352        0.0000000000000000     
   897.00000000000000       0.79773964998064084        0.0000000000000000     
   903.50000000000000       0.79947941118910126        0.0000000000000000     
   910.00000000000000       0.80119215436467184        0.0000000000000000     
   916.50000000000000       0.80287829826170998        0.0000000000000000     
   923.00000000000000       0.80453825519853617        0.0000000000000000     
   929.50000000000000       0.80617243115274473        0.0000000000000000     
   936.00000000000000       0.80778122585534995        0.0000000000000000     
   942.50000000000000       0.80936503288376127        0.0000000000000000     
   949.00000000000000       0.81092423975358652        0.0000000000000000     
   955.50000000000000       0.81245922800926607        0.0000000000000000     
   962.00000000000000       0.81397037331353361        0.0000000000000000     
   968.50000000000000       0.81545804553570944        0.0000000000000000     
   975.00000000000000       0.81692260883882872        0.0000000000000000     
   981.50000000000000       0.81836442176560820        0.0000000000000000     
   988.00000000000000       0.81978383732325533        0.0000000000000000     
   994.50000000000000       0.82118120306713083        0.0000000000000000     
   1001.0000000000000       0.82255686118326266        0.0000000000000000     
   1007.5000000000000       0.82391114856972758        0.0000000000000000     
   1014.0000000000000       0.82524439691690166        0.0000000000000000     
   1020.5000000000000       0.82655693278659159        0.0000000000000000     
   1027.0000000000000       0.82784907769005522        0.0000000000000000     
   1033.5000000000000       0.82912114816491933        0.0000000000000000     
   1040.0000000000000       0.83037345585100464        0.0000000000000000     
   1046.5000000000000       0.83160630756507126        0.0000000000000000     
   1053.0000000000000       0.83282000537448919        0.0000000000000000     
   1059.5000000000000       0.83401484666985004        0.0000000000000000     
   1066.0000000000000       0.83519112423652797        0.0000000000000000     
   1072.5000000000000       0.83634912632520186        0.0000000000000000     
   1079.0000000000000       0.83748913672134906        0.0000000000000000     
   1085.5000000000000       0.83861143481372391        0.0000000000000000     
   1092.0000000000000       0.83971629566183081        0.0000000000000000     
   1098.5000000000000       0.84080399006240436        0.0000000000000000     
   1105.0000000000000       0.84187478461490861        0.0000000000000000     
   1111.5000000000000       0.84292894178606670        0.0000000000000000     
   1118.0000000000000       0.84396671997343320        0.0000000000000000     
   1124.5000000000000       0.84498837356801948        0.0000000000000000     
   1131.0000000000000       0.84599415301598768        0.0000000000000000     
   1137.5000000000000       0.84698430487942078        0.0000000000000000     
   1144.0000000000000       0.84795907189618369        0.0000000000000000     
   1150.5000000000000       0.84891869303888612        0.0000000000000000     
   1157.0000000000000       0.84986340357295953        0.0000000000000000     
   1163.5000000000000       0.85079343511385830        0.0000000000000000     
   1170.0000000000000       0.85170901568340074        0.0000000000000000     
   1176.5000000000000       0.85261036976525628        0.0000000000000000     
   1183.0000000000000       0.85349771835959587        0.0000000000000000     
   1189.5000000000000       0.85437127903691290        0.0000000000000000     
   1196.0000000000000       0.85523126599102794        0.0000000000000000     
   1202.5000000000000       0.85607789009128987        0.0000000000000000     
   1209.0000000000000       0.85691135893398152        0.0000000000000000     
   1215.5000000000000       0.85773187689294383        0.0000000000000000     
   1222.0000000000000       0.85853964516942816        0.0000000000000000     
   1228.5000000000000       0.85933486184118935        0.0000000000000000     
   1235.0000000000000       0.86011772191082769        0.0000000000000000     
   1241.5000000000000       0.86088841735339339        0.0000000000000000     
   1248.0000000000000       0.86164713716326158        0.0000000000000000     
   1254.5000000000000       0.86239406740029179        0.0000000000000000     
   1261.0000000000000       0.86312939123527954        0.0000000000000000     
   1267.5000000000000       0.86385328899470959        0.0000000000000000     
   1274.0000000000000       0.86456593820482530        0.0000000000000000     
   1280.5000000000000       0.86526751363501975        0.0000000000000000     
   1287.0000000000000       0.86595818734056118        0.0000000000000000     
   1293.5000000000000       0.86663812870466195        0.0000000000000000     
   1300.0000000000000       0.86730750447989957        0.0000000000000000     
   1306.5000000000000       0.86796647882900213        0.0000000000000000     
   1313.0000000000000       0.86861521336500369        0.0000000000000000     
   1319.5000000000000       0.86925386719078424        0.0000000000000000     
   1326.0000000000000       0.86988259693799774        0.0000000000000000     
   1332.5000000000000       0.87050155680540120        0.0000000000000000     
   1339.0000000000000       0.87111089859659407        0.0000000000000000     
   1345.5000000000000       0.87171077175717260        0.0000000000000000     
   1352.0000000000000       0.87230132341131361        0.0000000000000000     
   1358.5000000000000       0.87288269839779187        0.0000000000000000     
   1365.0000000000000       0.87345503930544266        0.0000000000000000     
   1371.5000000000000       0.87401848650807423        0.0000000000000000     
   1378.0000000000000       0.87457317819884439        0.0000000000000000     
   1384.5000000000000       0.87511925042410188        0.0000000000000000     
   1391.0000000000000       0.87565683711670828        0.0000000000000000     
   1397.5000000000000       0.87618607012884120        0.0000000000000000     
   1404.0000000000000       0.87670707926429270        0.0000000000000000     
   1410.5000000000000       0.87721999231026737        0.0000000000000000     
   1417.0000000000000       0.87772493506868687        0.0000000000000000     
   1423.5000000000000       0.87822203138701238        0.0000000000000000     
   1430.0000000000000       0.87871140318858865        0.0000000000000000     
   1436.5000000000000       0.87919317050251722        0.0000000000000000     
   1443.0000000000000       0.87966745149306946        0.0000000000000000     
   1449.5000000000000       0.88013436248864185        0.0000000000000000     
   1456.0000000000000       0.88059401801026371        0.0000000000000000     
   1462.5000000000000       0.88104653079966333        0.0000000000000000     
   1469.0000000000000       0.88149201184689874        0.0000000000000000     
   1475.5000000000000       0.88193057041756029        0.0000000000000000     
   1482.0000000000000       0.88236231407955257        0.0000000000000000     
   1488.5000000000000       0.88278734872946041        0.0000000000000000     
   1495.0000000000000       0.88320577861850458        0.0000000000000000     
   1501.5000000000000       0.88361770637809833        0.0000000000000000     
   1508.0000000000000       0.88402323304500485        0.0000000000000000     
   1514.5000000000000       0.88442245808610609        0.0000000000000000     
   1521.0000000000000       0.88481547942278693        0.0000000000000000     
   1527.5000000000000       0.88520239345494112        0.0000000000000000     
   1534.0000000000000       0.88558329508460421        0.0000000000000000     
   1540.5000000000000       0.88595827773922153        0.0000000000000000     
   1547.0000000000000       0.88632743339455244        0.0000000000000000     
   1553.5000000000000       0.88669085259722280        0.0000000000000000     
   1560.0000000000000       0.88704862448692445        0.0000000000000000     
   1566.5000000000000       0.88740083681827087        0.0000000000000000     
   1573.0000000000000       0.88774757598231491        0.0000000000000000     
   1579.5000000000000       0.88808892702773123        0.0000000000000000     
   1586.0000000000000       0.88842497368167017        0.0000000000000000     
   1592.5000000000000       0.88875579837028884        0.0000000000000000     
   1599.0000000000000       0.88908148223896222        0.0000000000000000     
   1605.5000000000000       0.88940210517218132        0.0000000000000000     
   1612.0000000000000       0.88971774581314189        0.0000000000000000     
   1618.5000000000000       0.89002848158302961        0.0000000000000000     
   1625.0000000000000       0.89033438870000603        0.0000000000000000     
   1631.5000000000000       0.89063554219789853        0.0000000000000000     
   1638.0000000000000       0.89093201594460070        0.0000000000000000     
   1644.5000000000000       0.89122388266018793        0.0000000000000000     
   1651.0000000000000       0.89151121393474986        0.0000000000000000     
   1657.5000000000000       0.89179408024594808        0.0000000000000000     
   1664.0000000000000       0.89207255097629956        0.0000000000000000     
   1670.5000000000000       0.89234669443019110        0.0000000000000000     
   1677.0000000000000       0.89261657785063198        0.0000000000000000     
   1683.5000000000000       0.89288226743574439        0.0000000000000000     
   1690.0000000000000       0.89314382835499850        0.0000000000000000     
   1696.5000000000000       0.89340132476519507        0.0000000000000000     
   1703.0000000000000       0.89365481982620010        0.0000000000000000     
   1709.5000000000000       0.89390437571643455        0.0000000000000000     
   1716.0000000000000       0.89415005364812505        0.0000000000000000     
   1722.5000000000000       0.89439191388231531        0.0000000000000000     
   1729.0000000000000       0.89463001574364598        0.0000000000000000     
   1735.5000000000000       0.89486441763490443        0.0000000000000000     
   1742.0000000000000       0.89509517705134967        0.0000000000000000     
   1748.5000000000000       0.89532235059481224        0.0000000000000000     
   1755.0000000000000       0.89554599398757673        0.0000000000000000     
   1761.5000000000000       0.89576616208604987        0.0000000000000000     
   1768.0000000000000       0.89598290889421284        0.0000000000000000     
   1774.5000000000000       0.89619628757686820        0.0000000000000000     
   1781.0000000000000       0.89640635047267825        0.0000000000000000     
   1787.5000000000000       0.89661314910700340        0.0000000000000000     
   1794.0000000000000       0.89681673420453822        0.0000000000000000     
   1800.5000000000000       0.89701715570175389        0.0000000000000000     
   1807.0000000000000       0.89721446275914496        0.0000000000000000     
   1813.5000000000000       0.89740870377328796        0.0000000000000000     
   1820.0000000000000       0.89759992638871144        0.0000000000000000     
   1826.5000000000000       0.89778817750958162        0.0000000000000000     
   1833.0000000000000       0.89797350331120707        0.0000000000000000     
   1839.5000000000000       0.89815594925136388        0.0000000000000000     
   1846.0000000000000       0.89833556008144544        0.0000000000000000     
   1852.5000000000000       0.89851237985743915        0.0000000000000000     
   1859.0000000000000       0.89868645195073216        0.0000000000000000     
   1865.5000000000000       0.89885781905874873        0.0000000000000000     
   1872.0000000000000       0.89902652321542365        0.0000000000000000     
   1878.5000000000000       0.89919260580151195        0.0000000000000000     
   1885.0000000000000       0.89935610755473794        0.0000000000000000     
   1891.5000000000000       0.89951706857978908        0.0000000000000000     
   1898.0000000000000       0.89967552835815079        0.0000000000000000     
   1904.5000000000000       0.89983152575779146        0.0000000000000000     
   1911.0000000000000       0.89998509904269575        0.0000000000000000     
   1917.5000000000000       0.90013628588225036        0.0000000000000000     
   1924.0000000000000       0.90028512336048239        0.0000000000000000     
   1930.5000000000000       0.90043164798515674        0.0000000000000000     
   1937.0000000000000       0.90057589569672969        0.0000000000000000     
   1943.5000000000000       0.90071790187716483        0.0000000000000000     
   1950.0000000000000       0.90085770135861154        0.0000000000000000     
   1956.5000000000000       0.90099532843194863        0.0000000000000000     
   1963.0000000000000       0.90113081685519547        0.0000000000000000     
   1969.5000000000000       0.90126419986179174        0.0000000000000000     
   1976.0000000000000       0.90139551016874941        0.0000000000000000     
   1982.5000000000000       0.90152477998467739        0.0000000000000000     
   1989.0000000000000       0.90165204101768170        0.0000000000000000     
   1995.5000000000000       0.90177732448314363        0.0000000000000000     
   2002.0000000000000       0.90190066111137479        0.0000000000000000     
   2008.5000000000000       0.90202208115515636        0.0000000000000000     
   2015.0000000000000       0.90214161439715868        0.0000000000000000     
   2021.5000000000000       0.90225929015724660        0.0000000000000000     
   2028.0000000000000       0.90237513729967112        0.0000000000000000     
   2034.5000000000000       0.90248918424014968        0.0000000000000000     
   2041.0000000000000       0.90260145895283561        0.0000000000000000     
   2047.5000000000000       0.90271198897717997        0.0000000000000000     
   2054.0000000000000       0.90282080142468646        0.0000000000000000     
   2060.5000000000000       0.90292792298556102        0.0000000000000000     
   2067.0000000000000       0.90303337993525934        0.0000000000000000     
   2073.5000000000000       0.90313719814093174        0.0000000000000000     
   2080.0000000000000       0.90323940306776684        0.0000000000000000     
   2086.5000000000000       0.90334001978523937        0.0000000000000000     
   2093.0000000000000       0.90343907297325776        0.0000000000000000     
   2099.5000000000000       0.90353658692821925        0.0000000000000000     
   2106.0000000000000       0.90363258556896831        0.0000000000000000     
   2112.5000000000000       0.90372709244266403        0.0000000000000000     
   2119.0000000000000       0.90382013073055567        0.0000000000000000     
   2125.5000000000000       0.90391172325366875        0.0000000000000000     
   2132.0000000000000       0.90400189247840346        0.0000000000000000     
   2138.5000000000000       0.90409066052204357        0.0000000000000000     
   2145.0000000000000       0.90417804915818334        0.0000000000000000     
   2151.5000000000000       0.90426407982206691        0.0000000000000000     
   2158.0000000000000       0.90434877361584665        0.0000000000000000     
   2164.5000000000000       0.90443215131375976        0.0000000000000000     
   2171.0000000000000       0.90451423336722248        0.0000000000000000     
   2177.5000000000000       0.90459503990984769        0.0000000000000000     
   2184.0000000000000       0.90467459076238310        0.0000000000000000     
   2190.5000000000000       0.90475290543757292        0.0000000000000000     
   2197.0000000000000       0.90483000314494377        0.0000000000000000     
   2203.5000000000000       0.90490590279551686        0.0000000000000000     
   2210.0000000000000       0.90498062300644677        0.0000000000000000     
   2216.5000000000000       0.90505418210558730        0.0000000000000000     
   2223.0000000000000       0.90512659813598795        0.0000000000000000     
   2229.5000000000000       0.90519788886031849        0.0000000000000000     
   2236.0000000000000       0.90526807176522706        0.0000000000000000     
   2242.5000000000000       0.90533716406562836        0.0000000000000000     
   2249.0000000000000       0.90540518270892723        0.0000000000000000     
   2255.5000000000000       0.90547214437917489        0.0000000000000000     
   2262.0000000000000       0.90553806550116134        0.0000000000000000     
   2268.5000000000000       0.90560296224444459        0.0000000000000000     
   2275.0000000000000       0.90566685052731610        0.0000000000000000     
   2281.5000000000000       0.90572974602070611        0.0000000000000000     
   2288.0000000000000       0.90579166415202717        0.0000000000000000     
   2294.5000000000000       0.90585262010895828        0.0000000000000000     
   2301.0000000000000       0.90591262884316937        0.0000000000000000     
   2307.5000000000000       0.90597170507399061        0.0000000000000000     
   2314.0000000000000       0.90602986329202140        0.0000000000000000     
   2320.5000000000000       0.90608711776268502        0.0000000000000000     
   2327.0000000000000       0.90614348252972765        0.0000000000000000     
   2333.5000000000000       0.90619897141866335        0.0000000000000000     
   2340.0000000000000       0.90625359804016559        0.0000000000000000     
   2346.5000000000000       0.90630737579340492        0.0000000000000000     
   2353.0000000000000       0.90636031786933624        0.0000000000000000     
   2359.5000000000000       0.90641243725393417        0.0000000000000000     
   2366.0000000000000       0.90646374673137797        0.0000000000000000     
   2372.5000000000000       0.90651425888718817        0.0000000000000000     
   2379.0000000000000       0.90656398611131295        0.0000000000000000     
   2385.5000000000000       0.90661294060116759        0.0000000000000000     
   2392.0000000000000       0.90666113436462592        0.0000000000000000     
   2398.5000000000000       0.90670857922296577        0.0000000000000000     
   2405.0000000000000       0.90675528681376860        0.0000000000000000     
   2411.5000000000000       0.90680126859377452        0.0000000000000000     
   2418.0000000000000       0.90684653584169228        0.0000000000000000     
   2424.5000000000000       0.90689109966096504        0.0000000000000000     
   2431.0000000000000       0.90693497098249476        0.0000000000000000     
   2437.5000000000000       0.90697816056732317        0.0000000000000000     
   2444.0000000000000       0.90702067900927086        0.0000000000000000     
   2450.5000000000000       0.90706253673753667        0.0000000000000000     
   2457.0000000000000       0.90710374401925509        0.0000000000000000     
   2463.5000000000000       0.90714431096201453        0.0000000000000000     
   2470.0000000000000       0.90718424751633753        0.0000000000000000     
   2476.5000000000000       0.90722356347812083        0.0000000000000000     
   2483.0000000000000       0.90726226849103797        0.0000000000000000     
   2489.5000000000000       0.90730037204890446        0.0000000000000000     
   2496.0000000000000       0.90733788349800792        0.0000000000000000     
   2502.5000000000000       0.90737481203939974        0.0000000000000000     
   2509.0000000000000       0.90741116673115163        0.0000000000000000     
   2515.5000000000000       0.90744695649057738        0.0000000000000000     
   2522.0000000000000       0.90748219009642128        0.0000000000000000     
   2528.5000000000000       0.90751687619100996        0.0000000000000000     
   2535.0000000000000       0.90755102328237380        0.0000000000000000     
   2541.5000000000000       0.90758463974633186        0.0000000000000000     
   2548.0000000000000       0.90761773382854849        0.0000000000000000     
   2554.5000000000000       0.90765031364655424        0.0000000000000000     
   2561.0000000000000       0.90768238719173822        0.0000000000000000     
   2567.5000000000000       0.90771396233130708        0.0000000000000000     
   2574.0000000000000       0.90774504681021539        0.0000000000000000     
   2580.5000000000000       0.90777564825306567        0.0000000000000000     
   2587.0000000000000       0.90780577416597807        0.0000000000000000     
   2593.5000000000000       0.90783543193843141        0.0000000000000000     
   2600.0000000000000       0.90786462884507635        0.0000000000000000     
   2606.5000000000000       0.90789337204751908        0.0000000000000000     
   2613.0000000000000       0.90792166859607870        0.0000000000000000     
   2619.5000000000000       0.90794952543151575        0.0000000000000000     
   2626.0000000000000       0.90797694938673523        0.0000000000000000     
   2632.5000000000000       0.90800394718846256        0.0000000000000000     
   2639.0000000000000       0.90803052545889373        0.0000000000000000     
   2645.5000000000000       0.90805669071731865        0.0000000000000000     
   2652.0000000000000       0.90808244938172145        0.0000000000000000     
   2658.5000000000000       0.90810780777035449        0.0000000000000000     
   2665.0000000000000       0.90813277210328747        0.0000000000000000     
   2671.5000000000000       0.90815734850393359        0.0000000000000000     
   2678.0000000000000       0.90818154300055165        0.0000000000000000     
   2684.5000000000000       0.90820536152772458        0.0000000000000000     
   2691.0000000000000       0.90822880992781474        0.0000000000000000     
   2697.5000000000000       0.90825189395239792        0.0000000000000000     
   2704.0000000000000       0.90827461926367303        0.0000000000000000     
   2710.5000000000000       0.90829699143585152        0.0000000000000000     
   2717.0000000000000       0.90831901595652509        0.0000000000000000     
   2723.5000000000000       0.90834069822801078        0.0000000000000000     
   2730.0000000000000       0.90836204356867623        0.0000000000000000     
   2736.5000000000000       0.90838305721424528        0.0000000000000000     
   2743.0000000000000       0.90840374431908089        0.0000000000000000     
   2749.5000000000000       0.90842410995745015        0.0000000000000000     
   2756.0000000000000       0.90844415912476895        0.0000000000000000     
   2762.5000000000000       0.90846389673882688        0.0000000000000000     
   2769.0000000000000       0.90848332764099371        0.0000000000000000     
   2775.5000000000000       0.90850245659740714        0.0000000000000000     
   2782.0000000000000       0.90852128830014134        0.0000000000000000     
   2788.5000000000000       0.90853982736835848        0.0000000000000000     
   2795.0000000000000       0.90855807834944136        0.0000000000000000     
   2801.5000000000000       0.90857604572010864        0.0000000000000000     
   2808.0000000000000       0.90859373388751363        0.0000000000000000     
   2814.5000000000000       0.90861114719032443        0.0000000000000000     
   2821.0000000000000       0.90862828989978939        0.0000000000000000     
   2827.5000000000000       0.90864516622078262        0.0000000000000000     
   2834.0000000000000       0.90866178029283773        0.0000000000000000     
   2840.5000000000000       0.90867813619116200        0.0000000000000000     
   2847.0000000000000       0.90869423792763604        0.0000000000000000     
   2853.5000000000000       0.90871008945179821        0.0000000000000000     
   2860.0000000000000       0.90872569465181308        0.0000000000000000     
   2866.5000000000000       0.90874105735542510        0.0000000000000000     
   2873.0000000000000       0.90875618133089786        0.0000000000000000     
   2879.5000000000000       0.90877107028793802        0.0000000000000000     
   2886.0000000000000       0.90878572787860568        0.0000000000000000     
   2892.5000000000000       0.90880015769820910        0.0000000000000000     
   2899.0000000000000       0.90881436328618825        0.0000000000000000     
   2905.5000000000000       0.90882834812698188        0.0000000000000000     
   2912.0000000000000       0.90884211565088213        0.0000000000000000     
   2918.5000000000000       0.90885566923487671        0.0000000000000000     
   2925.0000000000000       0.90886901220347616        0.0000000000000000     
   2931.5000000000000       0.90888214782953058        0.0000000000000000     
   2938.0000000000000       0.90889507933503122        0.0000000000000000     
   2944.5000000000000       0.90890780989190156        0.0000000000000000     
   2951.0000000000000       0.90892034262277521        0.0000000000000000     
   2957.5000000000000       0.90893268060176169        0.0000000000000000     
   2964.0000000000000       0.90894482685520028        0.0000000000000000     
   2970.5000000000000       0.90895678436240279        0.0000000000000000     
   2977.0000000000000       0.90896855605638416        0.0000000000000000     
   2983.5000000000000       0.90898014482458156        0.0000000000000000     
   2990.0000000000000       0.90899155350956318        0.0000000000000000     
   2996.5000000000000       0.90900278490972519        0.0000000000000000     
   3003.0000000000000       0.90901384177997835        0.0000000000000000     
   3009.5000000000000       0.90902472683242319        0.0000000000000000     
   3016.0000000000000       0.90903544273701598        0.0000000000000000     
   3022.5000000000000       0.90904599212222337        0.0000000000000000     
   3029.0000000000000       0.90905637757566660        0.0000000000000000     
   3035.5000000000000       0.90906660164475728        0.0000000000000000     
   3042.0000000000000       0.90907666683732125        0.0000000000000000     
   3048.5000000000000       0.90908657562221451        0.0000000000000000     
   3055.0000000000000       0.90909633042992766        0.0000000000000000     
   3061.5000000000000       0.90910593365318293        0.0000000000000000     
   3068.0000000000000       0.90911538764752131        0.0000000000000000     
   3074.5000000000000       0.90912469473187985        0.0000000000000000     
   3081.0000000000000       0.90913385718916062        0.0000000000000000     
   3087.5000000000000       0.90914287726679033        0.0000000000000000     
   3094.0000000000000       0.90915175717727226        0.0000000000000000     
   3100.5000000000000       0.90916049909872820        0.0000000000000000     
   3107.0000000000000       0.90916910517543315        0.0000000000000000     
   3113.5000000000000       0.90917757751834150        0.0000000000000000     
   3120.0000000000000       0.90918591820560479        0.0000000000000000     
   3126.5000000000000       0.90919412928308052        0.0000000000000000     
   3133.0000000000000       0.90920221276483482        0.0000000000000000     
   3139.5000000000000       0.90921017063363652        0.0000000000000000     
   3146.0000000000000       0.90921800484144355        0.0000000000000000     
   3152.5000000000000       0.90922571730988111        0.0000000000000000     
   3159.0000000000000       0.90923330993071283        0.0000000000000000     
   3165.5000000000000       0.90924078456630686        0.0000000000000000     
   3172.0000000000000       0.90924814305008972        0.0000000000000000     
   3178.5000000000000       0.90925538718699805        0.0000000000000000     
   3185.0000000000000       0.90926251875392083        0.0000000000000000     
   3191.5000000000000       0.90926953950013467        0.0000000000000000     
   3198.0000000000000       0.90927645114773392        0.0000000000000000     
   3204.5000000000000       0.90928325539205246        0.0000000000000000     
   3211.0000000000000       0.90928995390207912        0.0000000000000000     
   3217.5000000000000       0.90929654832086793        0.0000000000000000     
   3224.0000000000000       0.90930304026594067        0.0000000000000000     
   3230.5000000000000       0.90930943132968378        0.0000000000000000     
   3237.0000000000000       0.90931572307973862        0.0000000000000000     
   3243.5000000000000       0.90932191705938670        0.0000000000000000     
   3250.0000000000000       0.90932801478792735        0.0000000000000000     
