   0.0000000000000000        0.0000000000000000        0.0000000000000000     
   5.0000000000000000       -7.9550510962966381E-021   1.7329456773461588E-017
   10.000000000000000       -3.1333160440515339E-020   3.4565264349018357E-017
   15.000000000000000        3.6775347126624132E-021   5.1612564742163681E-017
   20.000000000000000        4.9756127043296366E-020   6.8359987237549384E-017
   25.000000000000000        1.2384327549647246E-019   8.4736070488858868E-017
   30.000000000000000        1.9476816761323229E-019   1.0061455011808795E-016
   35.000000000000000        2.9053935951611865E-019   1.1595149334970581E-016
   40.000000000000000        3.5152573171842871E-019   1.3060832559354158E-016
   45.000000000000000        4.1928836749877298E-019   1.4457894821237509E-016
   50.000000000000000        3.5378448624444005E-019   1.5773890383182304E-016
   55.000000000000000        2.7608333054964531E-019   1.6999626114267689E-016
   60.000000000000000        1.9928567666525530E-019   1.8133520886325450E-016
   65.000000000000000        1.4372031532537340E-019   1.9167443183061936E-016
   70.000000000000000        7.2343672303411117E-020   2.0098637323955417E-016
   75.000000000000000        6.3308654199365267E-020   2.0925567355928216E-016
   80.000000000000000        6.3308654199365267E-020   2.1629892192229116E-016
   85.000000000000000        2.2199321825956538E-020   2.2215451715552327E-016
   90.000000000000000       -3.3817790419127854E-020   2.2686447209316233E-016
   95.000000000000000       -1.0519443344109023E-019   2.3039445366641311E-016
   100.00000000000000       -2.2626367603530450E-019   2.3274536537708575E-016
   105.00000000000000       -3.5862669125957610E-019   2.3400123289354824E-016
   110.00000000000000       -4.6727278396072768E-019   2.3414669668502333E-016
   115.00000000000000       -5.6507685493702386E-019   2.3311670462116220E-016
   120.00000000000000       -6.1364007724627006E-019   2.3086698511325468E-016
   125.00000000000000       -6.2606322713933214E-019   2.2740566967759464E-016
   130.00000000000000       -5.6589565345270064E-019   2.2280955596806648E-016
   135.00000000000000       -5.2059703729432997E-019   2.1707141597018691E-016
   140.00000000000000       -5.3990938849172827E-019   2.1028159986499646E-016
   145.00000000000000       -5.1596659051600682E-019   2.0245637068508241E-016
   150.00000000000000       -4.4820395473566183E-019   1.9359843893587576E-016
   155.00000000000000       -4.1477438775069165E-019   1.8370870811918727E-016
   160.00000000000000       -4.0799812417265725E-019   1.7285584437260738E-016
   165.00000000000000       -3.7818256442930565E-019   1.6124042509804602E-016
   170.00000000000000       -3.1538918860618642E-019   1.4886335379731356E-016
   175.00000000000000       -2.0967947678884975E-019   1.3592204561598354E-016
   180.00000000000000       -2.1058297859925434E-019   1.2238036048163956E-016
   185.00000000000000       -2.1916624579809793E-019   1.0829070149928516E-016
   190.00000000000000       -3.2126195037381590E-019   9.3738901340908869E-017
   195.00000000000000       -3.7818256442930468E-019   7.8802661162205508E-017
   200.00000000000000       -4.1612964046629720E-019   6.3575041649646593E-017
   205.00000000000000       -4.3329617486398430E-019   4.8081114978470858E-017
   210.00000000000000       -4.2516465857034285E-019   3.2551048234879014E-017
   215.00000000000000       -3.8992808796456408E-019   1.6973547646240930E-017
   220.00000000000000       -3.6101603003161740E-019   1.5185844906389757E-018
   225.00000000000000       -2.8060436890560944E-019  -1.3815591766684523E-017
   230.00000000000000       -1.8121916976110512E-019  -2.8963460480281482E-017
   235.00000000000000       -1.0803552311833368E-019  -4.3906448688131371E-017
   240.00000000000000       -3.3044872854752936E-020  -5.8488007937387852E-017
   245.00000000000000        4.1042275598423202E-020  -7.2650172940027144E-017
   250.00000000000000        1.0609440594755350E-019  -8.6205636476979758E-017
   255.00000000000000        1.7385704172789743E-019  -9.9139490768373991E-017
   260.00000000000000        1.6482202362385164E-019  -1.1145331694237815E-016
   265.00000000000000        1.6482202362385164E-019  -1.2308816150586319E-016
   270.00000000000000        1.6301502000304247E-019  -1.3404266920611362E-016
   275.00000000000000        1.6301502000304247E-019  -1.4416008247902426E-016
   280.00000000000000        1.9734808879841670E-019  -1.5342459004291292E-016
   285.00000000000000        2.7143523725159258E-019  -1.6193557709692408E-016
   290.00000000000000        4.3316206131401342E-019  -1.6958326817109360E-016
   295.00000000000000        6.4367798313828212E-019  -1.7631526016041826E-016
   300.00000000000000        7.8597951827700641E-019  -1.8209134723433467E-016
   305.00000000000000        9.5177210048624843E-019  -1.8686545080051258E-016
   310.00000000000000        1.0895561265729496E-018  -1.9063847436076210E-016
   315.00000000000000        1.1595775168793049E-018  -1.9338511986439194E-016
   320.00000000000000        1.2257590244914387E-018  -1.9512616785304171E-016
   325.00000000000000        1.2962321657029936E-018  -1.9585439031222776E-016
   330.00000000000000        1.3637689260307371E-018  -1.9561134832522889E-016
   335.00000000000000        1.3638818637570378E-018  -1.9430669171100472E-016
   340.00000000000000        1.3797496143022718E-018  -1.9202896364697472E-016
   345.00000000000000        1.4115804065993010E-018  -1.8877726063132860E-016
   350.00000000000000        1.5027776205870154E-018  -1.8467084490303980E-016
   355.00000000000000        1.5872550398598441E-018  -1.7973501451279958E-016
   360.00000000000000        1.7652448965095470E-018  -1.7391194534474215E-016
   365.00000000000000        1.9391689950124317E-018  -1.6723416346404174E-016
   370.00000000000000        2.1056392035794768E-018  -1.5974322995397733E-016
   375.00000000000000        2.2334847097517186E-018  -1.5154666152998698E-016
   380.00000000000000        2.3531986996303196E-018  -1.4267788775905551E-016
   385.00000000000000        2.4882722202857977E-018  -1.3317846972446164E-016
   390.00000000000000        2.7136959219817432E-018  -1.2311888056741700E-016
   395.00000000000000        3.0010094976904025E-018  -1.1259172922348795E-016
   400.00000000000000        3.2377269720164055E-018  -1.0163902852685832E-016
   405.00000000000000        3.5123915223794001E-018  -9.0228704163258800E-017
   410.00000000000000        3.7626615238614565E-018  -7.8427163515754144E-017
   415.00000000000000        3.9975719945666358E-018  -6.6349603065170884E-017
   420.00000000000000        4.2098949200117017E-018  -5.4027193623967865E-017
   425.00000000000000        4.4104723219215086E-018  -4.1530182457904198E-017
   430.00000000000000        4.5938831894336293E-018  -2.8891321507607067E-017
   435.00000000000000        4.7646450316000866E-018  -1.6154204735428420E-017
   440.00000000000000        4.9281788592833075E-018  -3.3889664694009171E-018
   445.00000000000000        5.1034582105017874E-018   9.3243204425283328E-018
   450.00000000000000        5.2416939874936814E-018   2.1824670330125729E-017
   455.00000000000000        5.3383686812069667E-018   3.4137246248206656E-017
   460.00000000000000        5.4016138079352842E-018   4.6169292795090836E-017
   465.00000000000000        5.2209134458543771E-018   5.7806960801733428E-017
   470.00000000000000        5.0176255385133566E-018   6.8973565551976281E-017
   475.00000000000000        4.8143376311723360E-018   7.9668768232640584E-017
   480.00000000000000        4.6119532256417200E-018   8.9881500946548820E-017
   485.00000000000000        4.4050513110590814E-018   9.9503343476452526E-017
   490.00000000000000        4.2089914182012971E-018   1.0854287908955036E-016
   495.00000000000000        4.0043482581446686E-018   1.1696803347157316E-016
   500.00000000000000        3.8082883652868728E-018   1.2474311830100979E-016
   505.00000000000000        3.6054522088510457E-018   1.3182973475091817E-016
   510.00000000000000        3.4017125506048122E-018   1.3818767699073517E-016
   515.00000000000000        3.2033939032210019E-018   1.4380474774602040E-016
   520.00000000000000        2.9928779813967289E-018   1.4862944741358089E-016
   525.00000000000000        2.7850725650036696E-018   1.5265816198617497E-016
   530.00000000000000        2.5813329067574317E-018   1.5573277864698178E-016
   535.00000000000000        2.3796261275846059E-018   1.5797617364221629E-016
   540.00000000000000        2.1826627329164025E-018   1.5940551350627637E-016
   545.00000000000000        1.9744055656181397E-018   1.5998646517036660E-016
   550.00000000000000        1.7179239891895358E-018   1.5974613368879900E-016
   555.00000000000000        1.4465346328892546E-018   1.5872156263580012E-016
   560.00000000000000        1.2187674733725726E-018   1.5691546251680148E-016
   565.00000000000000        9.7302733350634054E-019   1.5432241232094023E-016
   570.00000000000000        7.4432843774767935E-019   1.5091801749933571E-016
   575.00000000000000        5.1529072881011810E-019   1.4684954884708395E-016
   580.00000000000000        2.3204291124828052E-019   1.4210616434245984E-016
   585.00000000000000        5.6537684577189413E-020   1.3668786398546347E-016
   590.00000000000000       -7.8987586983498702E-020   1.3068770846256675E-016
   595.00000000000000       -2.1225410401817501E-019   1.2415267986791031E-016
   600.00000000000000       -3.4732762467366067E-019   1.1704618637817301E-016
   605.00000000000000       -4.6162060368984089E-019   1.0937319725331192E-016
   610.00000000000000       -4.8375639804475336E-019   1.0117346657298515E-016
   615.00000000000000       -4.2728753489446612E-019   9.2480875655082536E-017
   620.00000000000000       -3.5320038644128963E-019   8.3346020600986966E-017
   625.00000000000000       -2.7911323798811327E-019   7.3817238757555021E-017
   630.00000000000000       -3.5726614458811047E-019   6.3941963969832843E-017
   635.00000000000000       -5.2079997227134115E-019   5.3694446436223982E-017
   640.00000000000000       -6.6807076736729000E-019   4.3225796834518605E-017
   645.00000000000000       -8.2121432423086823E-019   3.2610102313169919E-017
   650.00000000000000       -1.0805193438169870E-018   2.1874467926489974E-017
   655.00000000000000       -1.3470523778863431E-018   1.1073555534008309E-017
   660.00000000000000       -1.6244274336805549E-018   3.2617562379314923E-019
   665.00000000000000       -1.8963814786123392E-018  -1.0243157960909163E-017
   670.00000000000000       -2.1674320217337191E-018  -2.0697464471374338E-017
   675.00000000000000       -2.4384825648550991E-018  -3.0937888104049914E-017
   680.00000000000000       -2.7456731803926605E-018  -4.0951116324448194E-017
   685.00000000000000       -3.1323719552458218E-018  -5.0712098133154141E-017
   690.00000000000000       -3.5380442681174798E-018  -6.0108065210456671E-017
   695.00000000000000       -3.8276165983521455E-018  -6.9098585850340114E-017
   700.00000000000000       -4.0936978815162901E-018  -7.7685918807330534E-017
   705.00000000000000       -4.3683624318792789E-018  -8.5750575967001877E-017
   710.00000000000000       -4.6543207548723272E-018  -9.3316048376424678E-017
   715.00000000000000       -4.9850024174804057E-018  -1.0031683215434463E-016
   720.00000000000000       -5.3211050909509123E-018  -1.0673350201183806E-016
   725.00000000000000       -5.6273922046780683E-018  -1.1251907585476387E-016
   730.00000000000000       -5.8171275848630339E-018  -1.1766361516320764E-016
   735.00000000000000       -5.9427143365092721E-018  -1.2215492266272891E-016
   740.00000000000000       -6.0836606189323881E-018  -1.2597944582617159E-016
   745.00000000000000       -6.2047298615266013E-018  -1.2911324185555985E-016
   750.00000000000000       -6.3113430751543404E-018  -1.3155179324184190E-016
   755.00000000000000       -6.3192487159953787E-018  -1.3328742021962912E-016
   760.00000000000000       -6.2661679846341036E-018  -1.3434722784323376E-016
   765.00000000000000       -6.2031487333583816E-018  -1.3470727331468000E-016
   770.00000000000000       -6.1118950505075243E-018  -1.3437026713939916E-016
   775.00000000000000       -6.0062418075533361E-018  -1.3335021359545238E-016
   780.00000000000000       -5.8661002064301200E-018  -1.3167331423534144E-016
   785.00000000000000       -5.6890985548855406E-018  -1.2936306010613683E-016
   790.00000000000000       -5.5048688888577318E-018  -1.2640951268792428E-016
   795.00000000000000       -5.3184651715986339E-018  -1.2284339104225735E-016
   800.00000000000000       -5.1488327066951729E-018  -1.1854498117925756E-016
   805.00000000000000       -4.9587585133313075E-018  -1.1364348385781263E-016
   810.00000000000000       -4.7087143873018374E-018  -1.0821660023361758E-016
   815.00000000000000       -4.2976210635677506E-018  -1.0226839606481896E-016
   820.00000000000000       -3.8558086782799064E-018  -9.5841335936505852E-017
   825.00000000000000       -3.4431342263776064E-018  -8.8962976653895787E-017
   830.00000000000000       -2.9484669851810924E-018  -8.1647774245954965E-017
   835.00000000000000       -2.4099799061799521E-018  -7.3953101077644377E-017
   840.00000000000000       -1.8732998307996210E-018  -6.5934070759398381E-017
   845.00000000000000       -1.3339092499880823E-018  -5.7705879772043783E-017
   850.00000000000000       -8.0761944542741142E-019  -4.9339001256792073E-017
   855.00000000000000       -2.8900940625517882E-019  -4.0773804094156588E-017
   860.00000000000000        2.1017534399335545E-019  -3.2079632048085833E-017
   865.00000000000000        6.9671106889622540E-019  -2.3334863900632424E-017
   870.00000000000000        1.1805362883678824E-018  -1.4586481745937372E-017
   875.00000000000000        1.6467432225366507E-018  -5.8482639866094110E-018
   880.00000000000000        2.0826828460568603E-018   2.8416164258619053E-018
   885.00000000000000        2.5032629388001910E-018   1.1453456869459522E-017
   890.00000000000000        2.9107422552926558E-018   1.9978942304084566E-017
   895.00000000000000        3.3128005609226934E-018   2.8298877547538617E-017
   900.00000000000000        3.6728460323689229E-018   3.6423391702149262E-017
   905.00000000000000        3.9899751678209318E-018   4.4280356383153884E-017
   910.00000000000000        4.1846798079631197E-018   5.1842214785335057E-017
   915.00000000000000        4.3599591591816065E-018   5.9091461561116299E-017
   920.00000000000000        4.5302692504428696E-018   6.5984954499050655E-017
   925.00000000000000        4.6748295401076030E-018   7.2512529203771227E-017
   930.00000000000000        4.8198415806775398E-018   7.8641207859198149E-017
   935.00000000000000        4.9553668522382271E-018   8.4323330744832642E-017
   940.00000000000000        5.0308092534070108E-018   8.9547604088044544E-017
   945.00000000000000        5.0981201382821592E-018   9.4285567581806241E-017
   950.00000000000000        5.1604617632000806E-018   9.8513956054499671E-017
   955.00000000000000        5.2259656444544191E-018   1.0221605472263247E-016
   960.00000000000000        5.2921471520665573E-018   1.0536927604094447E-016
   965.00000000000000        5.3339341107977699E-018   1.0796729549676287E-016
   970.00000000000000        5.3341599862503709E-018   1.0999656056293154E-016
   975.00000000000000        5.3208333345469015E-018   1.1145300548130370E-016
   980.00000000000000        5.2729477385954549E-018   1.1235018277903549E-016
   985.00000000000000        5.1737884149035531E-018   1.1269622397242049E-016
   990.00000000000000        5.0441359051104964E-018   1.1247396252706094E-016
   995.00000000000000        4.8854583996581919E-018   1.1167120116851654E-016
   1000.0000000000000        4.6859680233640129E-018   1.1035886478890388E-016
   1005.0000000000000        4.4867114634563182E-018   1.0847325651058951E-016
   1010.0000000000000        4.2605536665394200E-018   1.0605684091866241E-016
   1015.0000000000000        4.0571528214720797E-018   1.0315614835635848E-016
   1020.0000000000000        3.8348913761125416E-018   9.9780213841781738E-017
   1025.0000000000000        3.5996420922284324E-018   9.5939879396657051E-017
   1030.0000000000000        3.3346901863272856E-018   9.1603974208525400E-017
   1035.0000000000000        3.0162057981596710E-018   8.6738165208591528E-017
   1040.0000000000000        2.7555455258579482E-018   8.1470749653932781E-017
   1045.0000000000000        2.5350910841192261E-018   7.5830639602482217E-017
   1050.0000000000000        2.2888868407839735E-018   6.9812865794282434E-017
   1055.0000000000000        2.0537504946261771E-018   6.3477962850630721E-017
   1060.0000000000000        1.7763754388319689E-018   5.6884658389203198E-017
   1065.0000000000000        1.3819968985903652E-018   5.0069770108774019E-017
   1070.0000000000000        9.3431175153489120E-019   4.3063113569086452E-017
   1075.0000000000000        4.9882387891988036E-019   3.5901054718009272E-017
   1080.0000000000000        6.9208768072498981E-020   2.8632834404209613E-017
   1085.0000000000000       -3.5091957376563417E-019   2.1349254559633046E-017
   1090.0000000000000       -7.5026737396446262E-019   1.4010899917800718E-017
   1095.0000000000000       -1.1419354087748493E-018   6.6444237821195181E-018
   1100.0000000000000       -1.5295376854384143E-018  -6.7631257440995169E-019
   1105.0000000000000       -1.9062979403771249E-018  -7.9107080391826300E-018
   1110.0000000000000       -2.2559531410036995E-018  -1.5070734011186374E-017
   1115.0000000000000       -2.6141916088291172E-018  -2.2080368842242132E-017
   1120.0000000000000       -3.0194121707955734E-018  -2.8909586096695710E-017
   1125.0000000000000       -3.4914918667319675E-018  -3.5525421634520141E-017
   1130.0000000000000       -3.9717030789620071E-018  -4.1885283815684337E-017
   1135.0000000000000       -4.3855069081273106E-018  -4.7922595850534093E-017
   1140.0000000000000       -4.6814037510348111E-018  -5.3654976024372313E-017
   1145.0000000000000       -4.8801741493238182E-018  -5.9041879693457096E-017
   1150.0000000000000       -5.0830103057596476E-018  -6.4062639253875368E-017
   1155.0000000000000       -5.3124997656024066E-018  -6.8739164624529510E-017
   1160.0000000000000       -5.5153359220382314E-018  -7.3025603088541465E-017
   1165.0000000000000       -5.6851942623942895E-018  -7.6848093372910662E-017
   1170.0000000000000       -5.7626695426364948E-018  -8.0213863492120379E-017
   1175.0000000000000       -5.8125880176613591E-018  -8.3136240097874039E-017
   1180.0000000000000       -5.8125880176613591E-018  -8.5618611321960609E-017
   1185.0000000000000       -5.8125880176613591E-018  -8.7637486117309678E-017
   1190.0000000000000       -5.7477617627648157E-018  -8.9194671487542040E-017
   1195.0000000000000       -5.6903893978041127E-018  -9.0262158876535069E-017
   1200.0000000000000       -5.6191256925084479E-018  -9.0874281353084255E-017
   1205.0000000000000       -5.4955718199356175E-018  -9.1001675108351222E-017
   1210.0000000000000       -5.3352567174519515E-018  -9.0663313680354723E-017
   1215.0000000000000       -5.1403262018571634E-018  -8.9874556599871595E-017
   1220.0000000000000       -4.9213823022077188E-018  -8.8606491808968696E-017
   1225.0000000000000       -4.6288082989662140E-018  -8.6890290120105221E-017
   1230.0000000000000       -4.2535303516851922E-018  -8.4745376822204723E-017
   1235.0000000000000       -3.8542390203495092E-018  -8.2156844135395593E-017
   1240.0000000000000       -3.4388540630159967E-018  -7.9201489713562202E-017
   1245.0000000000000       -3.0136435234943368E-018  -7.5891962582050202E-017
   1250.0000000000000       -2.5738640172799011E-018  -7.2223745231807575E-017
   1255.0000000000000       -2.1213225479935073E-018  -6.8241109251544191E-017
   1260.0000000000000       -1.6630212546657831E-018  -6.3946313395785967E-017
   1265.0000000000000       -1.2042682104328516E-018  -5.9344778675395424E-017
   1270.0000000000000       -7.4212703441090328E-019  -5.4490263448091555E-017
   1275.0000000000000       -3.0031464912306097E-019  -4.9396997867388304E-017
   1280.0000000000000        1.4036835890177639E-019  -4.4139972583549207E-017
   1285.0000000000000        5.6591771160233710E-019  -3.8737709383687585E-017
   1290.0000000000000        9.7678515988382252E-019  -3.3180495623341593E-017
   1295.0000000000000        1.3824574727554785E-018  -2.7481657954214676E-017
   1300.0000000000000        1.7741255075658640E-018  -2.1736741692757096E-017
   1305.0000000000000        2.1617277842294290E-018  -1.5898651807101577E-017
   1310.0000000000000        2.5371327864525329E-018  -1.0063724177782429E-017
   1315.0000000000000        2.8958230051831528E-018  -4.2488994637448095E-018
   1320.0000000000000        3.1862988372282276E-018   1.5527680051787953E-018
   1325.0000000000000        3.3412493977126104E-018   7.2888751239849122E-018
   1330.0000000000000        3.4934894527657789E-018   1.2970193328319463E-017
   1335.0000000000000        3.6267559698004537E-018   1.8554200240741313E-017
   1340.0000000000000        3.7442112051530457E-018   2.4030592940703478E-017
   1345.0000000000000        3.8679909531784709E-018   2.9383784698487494E-017
   1350.0000000000000        3.9822839321946512E-018   3.4573386159725144E-017
   1355.0000000000000        4.0776033731923378E-018   3.9535305164740829E-017
   1360.0000000000000        4.0645025969414678E-018   4.4269993464439776E-017
   1365.0000000000000        4.1047084275044785E-018   4.8765366722107766E-017
   1370.0000000000000        4.1449142580674877E-018   5.2982687297623765E-017
   1375.0000000000000        4.1821837077466815E-018   5.6853289053397015E-017
   1380.0000000000000        4.2553673543894535E-018   6.0393660897467429E-017
   1385.0000000000000        4.2942179322368493E-018   6.3626842126000231E-017
   1390.0000000000000        4.2946696831420527E-018   6.6542668343628491E-017
   1395.0000000000000        4.2781807751021678E-018   6.9095512708926616E-017
   1400.0000000000000        4.2587554861784707E-018   7.1270693317475672E-017
   1405.0000000000000        4.2158391501842518E-018   7.3083569700052497E-017
   1410.0000000000000        4.1483023898565041E-018   7.4514490692280758E-017
   1415.0000000000000        4.0808785672550476E-018   7.5558938785108472E-017
   1420.0000000000000        3.9929000784669039E-018   7.6213525846746647E-017
   1425.0000000000000        3.8912561247964033E-018   7.6476444873574315E-017
   1430.0000000000000        3.7769066769170743E-018   7.6365765901799848E-017
   1435.0000000000000        3.6388967753777797E-018   7.5872002162413679E-017
   1440.0000000000000        3.4957905589391751E-018   7.5020903457012580E-017
   1445.0000000000000        3.3787561930822450E-018   7.3797110254819589E-017
   1450.0000000000000        3.2635597122556574E-018   7.2196556797687883E-017
   1455.0000000000000        3.1378035540199678E-018   7.0223308843764210E-017
   1460.0000000000000        3.0112568317001756E-018   6.7910795960033708E-017
   1465.0000000000000        2.8831854500753302E-018   6.5273925926367885E-017
   1470.0000000000000        2.7632455847441217E-018   6.2303663724662850E-017
   1475.0000000000000        2.6317860713302545E-018   5.9027792035588462E-017
   1480.0000000000000        2.4984066165692792E-018   5.5488549568781036E-017
   1485.0000000000000        2.3387126715802712E-018   5.1753924835473658E-017
   1490.0000000000000        2.1905383746739250E-018   4.7774902862451846E-017
   1495.0000000000000        2.0455263341039947E-018   4.3568876059565900E-017
   1500.0000000000000        1.9086458098277064E-018   3.9162271854770114E-017
   1505.0000000000000        1.7810261791080640E-018   3.4570901529746617E-017
   1510.0000000000000        1.6563429292722312E-018   2.9839940175015614E-017
   1515.0000000000000        1.5357254375832160E-018   2.5004850236635470E-017
   1520.0000000000000        1.3608978372699287E-018   2.0084266439445794E-017
   1525.0000000000000        1.1910394969138664E-018   1.5138610467017389E-017
   1530.0000000000000        1.0311196764722539E-018   1.0134678627817899E-017
   1535.0000000000000        8.7436211236705738E-019   5.1071428038215713E-018
   1540.0000000000000        7.3793333899596364E-019   8.6439712266432849E-020
   1545.0000000000000        5.9856818474105544E-019  -4.9266400827634175E-018
   1550.0000000000000        4.5988065684395064E-019  -9.8901402159473217E-018
   1555.0000000000000        3.1983787623123996E-019  -1.4759609986400138E-017
   1560.0000000000000        1.7053420206188230E-019  -1.9520711596837632E-017
   1565.0000000000000        3.3653677785587456E-020  -2.4131704851805864E-017
   1570.0000000000000       -1.5992158509359533E-019  -2.8565018828871717E-017
   1575.0000000000000       -3.4536533167913698E-019  -3.2816333660004169E-017
   1580.0000000000000       -5.4029584727392581E-019  -3.6925234018271649E-017
   1585.0000000000000       -7.4403550552015833E-019  -4.0881329632854439E-017
   1590.0000000000000       -9.4732341286118858E-019  -4.4592689194543874E-017
   1595.0000000000000       -1.1185370059328577E-018  -4.8029723019049240E-017
   1600.0000000000000       -1.2879435953837178E-018  -5.1194915736349105E-017
   1605.0000000000000       -1.4555431812137688E-018  -5.4076408885181955E-017
   1610.0000000000000       -1.6281120270010447E-018  -5.6656810055697463E-017
   1615.0000000000000       -1.7995514955253154E-018  -5.8921663218929138E-017
   1620.0000000000000       -1.9682804586183719E-018  -6.0869838997614054E-017
   1625.0000000000000       -2.1270709017969765E-018  -6.2498401010868314E-017
   1630.0000000000000       -2.2614667960946572E-018  -6.3796507236967097E-017
   1635.0000000000000       -2.3978955694657486E-018  -6.4764157675910405E-017
   1640.0000000000000       -2.5007818381255721E-018  -6.5400900576793041E-017
   1645.0000000000000       -2.6020869786171895E-018  -6.5715093331361262E-017
   1650.0000000000000       -2.6978017016569277E-018  -6.5697475046058382E-017
   1655.0000000000000       -2.7634467550691364E-018  -6.5345786966358399E-017
   1660.0000000000000       -2.8103441459154480E-018  -6.4656640960472308E-017
   1665.0000000000000       -2.8392928203768437E-018  -6.3651946947302396E-017
   1670.0000000000000       -2.8638708930630034E-018  -6.2339610567689738E-017
   1675.0000000000000       -2.8918229803224011E-018  -6.0726408085212367E-017
   1680.0000000000000       -2.9087071704043404E-018  -5.8818889887995633E-017
   1685.0000000000000       -2.8777057645348315E-018  -5.6620895858733898E-017
   1690.0000000000000       -2.7564106464880166E-018  -5.4163370934433382E-017
   1695.0000000000000       -2.6085751627605669E-018  -5.1458964140439843E-017
   1700.0000000000000       -2.4668383162533475E-018  -4.8463855638948606E-017
   1705.0000000000000       -2.3033044885701181E-018  -4.5254165457486297E-017
   1710.0000000000000       -2.1424811663181027E-018  -4.1811597684392210E-017
   1715.0000000000000       -1.9789473386348740E-018  -3.8189007175574985E-017
   1720.0000000000000       -1.7722712995048239E-018  -3.4409659102652626E-017
   1725.0000000000000       -1.5511392314083025E-018  -3.0490042373664920E-017
   1730.0000000000000       -1.3320400423851930E-018  -2.6439982570800046E-017
   1735.0000000000000       -1.1190394905823138E-018  -2.2278566169802808E-017
   1740.0000000000000       -9.6070079830890934E-019  -1.8045321374878419E-017
   1745.0000000000000       -7.5402475917886150E-019  -1.3743862193268483E-017
   1750.0000000000000       -5.5164035364823530E-019  -9.4010678038325430E-018
   1755.0000000000000       -3.4202793363437147E-019  -5.0521183083132177E-018
   1760.0000000000000       -1.3422251724131628E-019  -7.2310232148594323E-019
   1765.0000000000000        7.0646518267923801E-020   3.5509412270645305E-018
   1770.0000000000000        3.3740542778987816E-019   7.7559657076295693E-018
   1775.0000000000000        6.0823009545865275E-019   1.1889517812803081E-017
   1780.0000000000000        8.7747363495921921E-019   1.5911265539405969E-017
   1785.0000000000000        1.1501053062488060E-018   1.9827042385699453E-017
   1790.0000000000000        1.4195747212019762E-018   2.3620564143272558E-017
   1795.0000000000000        1.6910770152285571E-018   2.7262579941013446E-017
   1800.0000000000000        1.9521890384354830E-018   3.0675840374132535E-017
   1805.0000000000000        2.2031366662753587E-018   3.3905294657697435E-017
   1810.0000000000000        2.4545360450204364E-018   3.6915536814512913E-017
   1815.0000000000000        2.7000626619978826E-018   3.9703856339147752E-017
   1820.0000000000000        2.9340696308926724E-018   4.2327399721110062E-017
   1825.0000000000000        3.1744011124602931E-018   4.4715693819188298E-017
   1830.0000000000000        3.3896604187891866E-018   4.6837793696376086E-017
   1835.0000000000000        3.5592928836926488E-018   4.8699007425809537E-017
   1840.0000000000000        3.7565950915397529E-018   5.0265001938693297E-017
   1845.0000000000000        3.9285992486955245E-018   5.1510253308883435E-017
   1850.0000000000000        4.0991352154093901E-018   5.2473837989679951E-017
   1855.0000000000000        4.2352251756015759E-018   5.3157337109251010E-017
   1860.0000000000000        4.3689434435414510E-018   5.3560750667596654E-017
   1865.0000000000000        4.4813164812105233E-018   5.3677302401138882E-017
   1870.0000000000000        4.5700855340827710E-018   5.3518737833412855E-017
   1875.0000000000000        4.6369729024842907E-018   5.3075344319956797E-017
   1880.0000000000000        4.7003733185862784E-018   5.2355027501611770E-017
   1885.0000000000000        4.7340719949971989E-018   5.1365918894671332E-017
   1890.0000000000000        4.7375660059046236E-018   5.0110954880019350E-017
   1895.0000000000000        4.7034023436987089E-018   4.8608205493863922E-017
   1900.0000000000000        4.6282705212772442E-018   4.6859251864373222E-017
   1905.0000000000000        4.5040954912097673E-018   4.4826824541868097E-017
   1910.0000000000000        4.3534365643248061E-018   4.2584333048443911E-017
   1915.0000000000000        4.1818841580742341E-018   4.0144652284898922E-017
   1920.0000000000000        4.0009579205407198E-018   3.7541437693670722E-017
   1925.0000000000000        3.7913455005268552E-018   3.4743518462300338E-017
   1930.0000000000000        3.5677288024517168E-018   3.1811880962990049E-017
   1935.0000000000000        3.3263808813473903E-018   2.8742911188498246E-017
   1940.0000000000000        3.0691087408346836E-018   2.5568570515368028E-017
   1945.0000000000000        2.8037050840283329E-018   2.2303766723471070E-017
   1950.0000000000000        2.5407860572005957E-018   1.8944095241481588E-017
   1955.0000000000000        2.2817069130670791E-018   1.5502318032471646E-017
   1960.0000000000000        1.9568980122266331E-018   1.2023610186961401E-017
   1965.0000000000000        1.6347996168173990E-018   8.5039059468040200E-018
   1970.0000000000000        1.3163152286497810E-018   4.9617835679759790E-018
   1975.0000000000000        1.0037036022497924E-018   1.4435475182605141E-018
   1980.0000000000000        6.8476746317697210E-019  -2.0450423783010476E-018
   1985.0000000000000        3.6379844503074212E-019  -5.4794221662383337E-018
   1990.0000000000000       -5.2820445195317432E-021  -8.8811347168431801E-018
   1995.0000000000000       -3.7888004312182857E-019  -1.2207388322666993E-017
   2000.0000000000000       -7.5089691355591722E-019  -1.5442454199507448E-017
   2005.0000000000000       -1.1050696232345148E-018  -1.8583774704910533E-017
   2010.0000000000000       -1.4635339665125336E-018  -2.1615277388702090E-017
   2015.0000000000000       -1.8208689325275475E-018  -2.4498125790250523E-017
   2020.0000000000000       -2.1791074003529683E-018  -2.7220715558178445E-017
   2025.0000000000000       -2.4993987921413946E-018  -2.9772317608487285E-017
   2030.0000000000000       -2.7846794887766428E-018  -3.2145026300336035E-017
   2035.0000000000000       -3.0726706908431045E-018  -3.4344940270944908E-017
   2040.0000000000000       -3.3629206474355772E-018  -3.6350940165495701E-017
   2045.0000000000000       -3.6364558205355652E-018  -3.8154668592242177E-017
   2050.0000000000000       -3.8890975142699476E-018  -3.9752059793037464E-017
   2055.0000000000000       -4.1091002051034578E-018  -4.1134982251587983E-017
   2060.0000000000000       -4.3190514382962215E-018  -4.2297224392947158E-017
   2065.0000000000000       -4.5043822471554595E-018  -4.3225572503137902E-017
   2070.0000000000000       -4.6691583898279995E-018  -4.3924431153485837E-017
   2075.0000000000000       -4.8165421226502470E-018  -4.4391993340370241E-017
   2080.0000000000000       -4.9323597609714922E-018  -4.4623063928381198E-017
   2085.0000000000000       -5.0195476856755325E-018  -4.4618320543876582E-017
   2090.0000000000000       -5.0817763728671450E-018  -4.4390863963107227E-017
   2095.0000000000000       -5.1192434635673620E-018  -4.3927593409822274E-017
   2100.0000000000000       -5.1198928554935909E-018  -4.3248385923850643E-017
   2105.0000000000000       -5.0968235602447270E-018  -4.2344658237993442E-017
   2110.0000000000000       -5.0510978983087830E-018  -4.1220701985850153E-017
   2115.0000000000000       -4.9805682882340705E-018  -3.9906558602616699E-017
   2120.0000000000000       -4.8961191033928161E-018  -3.8401550461935262E-017
   2125.0000000000000       -4.7765180512405067E-018  -3.6709517446500061E-017
   2130.0000000000000       -4.6408798419535221E-018  -3.4844689709824994E-017
   2135.0000000000000       -4.4939478600364749E-018  -3.2826040789928511E-017
   2140.0000000000000       -4.3063582966512252E-018  -3.0677061733881208E-017
   2145.0000000000000       -4.0874849830807189E-018  -2.8399559545303837E-017
   2150.0000000000000       -3.8576567100590493E-018  -2.5986532085165777E-017
   2155.0000000000000       -3.6168734775862147E-018  -2.3456727016032929E-017
   2160.0000000000000       -3.3628765311362170E-018  -2.0822454550072064E-017
   2165.0000000000000       -3.0577187946720729E-018  -1.8106866921174774E-017
   2170.0000000000000       -2.7252301284431865E-018  -1.5289409463154374E-017
   2175.0000000000000       -2.3603283347660322E-018  -1.2420226526488305E-017
   2180.0000000000000       -1.9818740139328114E-018  -9.5286819200147353E-018
   2185.0000000000000       -1.5929164845536378E-018  -6.6227942223009967E-018
   2190.0000000000000       -1.2077988378686852E-018  -3.6981588620213506E-018
   2195.0000000000000       -8.2561757206754730E-019  -7.9170647567609308E-019
   2200.0000000000000       -4.5563358070686895E-019   2.0820786733367225E-018
   2205.0000000000000       -8.8360094777404208E-020   4.9218413323014890E-018
   2210.0000000000000        2.7507350845784102E-019   7.7223722485925950E-018
   2215.0000000000000        6.4008823986129399E-019   1.0465027874110580E-017
   2220.0000000000000        9.8974344048786855E-019   1.3121774947605269E-017
   2225.0000000000000        1.3287824948421898E-018   1.5690684704469694E-017
   2230.0000000000000        1.6671439228387077E-018   1.8172011254588012E-017
   2235.0000000000000        1.9689135275138413E-018   2.0536475492416813E-017
   2240.0000000000000        2.2399640706352212E-018   2.2776821169041297E-017
   2245.0000000000000        2.5110146137566012E-018   2.4884634423852052E-017
   2250.0000000000000        2.7820651568779812E-018   2.6826090407822067E-017
   2255.0000000000000        3.0448712459794171E-018   2.8621009691917085E-017
   2260.0000000000000        3.2882520461571514E-018   3.0245731822477120E-017
   2265.0000000000000        3.5342304140398006E-018   3.1700369737228519E-017
   2270.0000000000000        3.7540072294207114E-018   3.2985939875707949E-017
   2275.0000000000000        3.9694924112022036E-018   3.4089341461664549E-017
   2280.0000000000000        4.1747002598903491E-018   3.5004362920151779E-017
   2285.0000000000000        4.3496407979299384E-018   3.5729874873906662E-017
   2290.0000000000000        4.5120452483501623E-018   3.6265538509750289E-017
   2295.0000000000000        4.6371237802280499E-018   3.6609433886335541E-017
   2300.0000000000000        4.7427770231822373E-018   3.6753090674189857E-017
   2305.0000000000000        4.8227934022661978E-018   3.6733665385266145E-017
   2310.0000000000000        4.8748859285223326E-018   3.6535798488787523E-017
   2315.0000000000000        4.8969934884456717E-018   3.6144356329429768E-017
   2320.0000000000000        4.8854173714998673E-018   3.5572665558896247E-017
   2325.0000000000000        4.8580262229865358E-018   3.4827050689859889E-017
   2330.0000000000000        4.7934805477537822E-018   3.3899380206026933E-017
   2335.0000000000000        4.6972999565930524E-018   3.2802303132743233E-017
   2340.0000000000000        4.5742543037885740E-018   3.1550727249880231E-017
   2345.0000000000000        4.4069652967058497E-018   3.0168482417687512E-017
   2350.0000000000000        4.2158746638052816E-018   2.8654665134354610E-017
   2355.0000000000000        4.0149019798534045E-018   2.7011872967586482E-017
   2360.0000000000000        3.7884618386207567E-018   2.5232313214268343E-017
   2365.0000000000000        3.5200088632042991E-018   2.3326150269767252E-017
   2370.0000000000000        3.2516688255141370E-018   2.1329072455594213E-017
   2375.0000000000000        2.9634517479950755E-018   1.9260505060672912E-017
   2380.0000000000000        2.6700395350661854E-018   1.7129144289928489E-017
   2385.0000000000000        2.3810318934630190E-018   1.4926858627067295E-017
   2390.0000000000000        2.1007204567849955E-018   1.2653422196636756E-017
   2395.0000000000000        1.7916098999003280E-018   1.0309738500447241E-017
   2400.0000000000000        1.4829510939208611E-018   7.9268654132314523E-018
   2405.0000000000000        1.1655960830162490E-018   5.5128779824198604E-018
   2410.0000000000000        8.2926753409314185E-019   3.0987211450188040E-018
   2415.0000000000000        4.9406836243303986E-019   6.7936917220792244E-019
   2420.0000000000000        1.4509078816426783E-019  -1.7320489253303457E-018
   2425.0000000000000       -2.1518055873456123E-019  -4.1097268771363158E-018
   2430.0000000000000       -5.7116027203396836E-019  -6.4565304780148695E-018
   2435.0000000000000       -9.2442947990216136E-019  -8.7597421017748750E-018
   2440.0000000000000       -1.2807480063804718E-018  -1.0999008473136090E-017
   2445.0000000000000       -1.6320972729015567E-018  -1.3151403895403992E-017
   2450.0000000000000       -1.9511463497006752E-018  -1.5202268301727683E-017
   2455.0000000000000       -2.2657908551740700E-018  -1.7170716402283519E-017
   2460.0000000000000       -2.5805482983737667E-018  -1.9049379010430414E-017
   2465.0000000000000       -2.8933858002263516E-018  -2.0822388375623122E-017
   2470.0000000000000       -3.2070138661630426E-018  -2.2517470709668425E-017
   2475.0000000000000       -3.4954568191347069E-018  -2.4086062790257087E-017
   2480.0000000000000       -3.7842385852852785E-018  -2.5513369775243742E-017
   2485.0000000000000       -4.0582255092904715E-018  -2.6801876294606975E-017
   2490.0000000000000       -4.3002510567525981E-018  -2.7938481572095944E-017
   2495.0000000000000       -4.5092987881349619E-018  -2.8919345725016399E-017
   2500.0000000000000       -4.6970012892465167E-018  -2.9744581691094717E-017
   2505.0000000000000       -4.8470390586368283E-018  -3.0412382466710002E-017
   2510.0000000000000       -4.9821125792923068E-018  -3.0919472857799581E-017
   2515.0000000000000       -5.0935256462878274E-018  -3.1266869303900149E-017
   2520.0000000000000       -5.1785677541921604E-018  -3.1449263731875583E-017
   2525.0000000000000       -5.2397235329839169E-018  -3.1469140771704472E-017
   2530.0000000000000       -5.2778682500419367E-018  -3.1336100130122398E-017
   2535.0000000000000       -5.2866068066144458E-018  -3.1014905236523557E-017
   2540.0000000000000       -5.2705272978324022E-018  -3.0539098595619257E-017
   2545.0000000000000       -5.2373875749340718E-018  -2.9854808911964081E-017
   2550.0000000000000       -5.1780348292961804E-018  -2.9012971100119605E-017
   2555.0000000000000       -5.0975737579149163E-018  -2.8031429320841307E-017
   2560.0000000000000       -4.9901135113399176E-018  -2.6922267910843376E-017
   2565.0000000000000       -4.8456379249699076E-018  -2.5689778503725225E-017
   2570.0000000000000       -4.6598553652054631E-018  -2.4332831722223836E-017
   2575.0000000000000       -4.4274859933420244E-018  -2.2877629118840951E-017
   2580.0000000000000       -4.1667692521771544E-018  -2.1323718942671378E-017
   2585.0000000000000       -3.9031161301284707E-018  -1.9676070453672297E-017
   2590.0000000000000       -3.6255151988816619E-018  -1.7948010303547244E-017
   2595.0000000000000       -3.3406862531516134E-018  -1.6141006682738049E-017
   2600.0000000000000       -3.0254770590467139E-018  -1.4268612118400847E-017
   2605.0000000000000       -2.7092514254051084E-018  -1.2317612896558441E-017
   2610.0000000000000       -2.3676148033458730E-018  -1.0313589412217917E-017
   2615.0000000000000       -2.0202183572453063E-018  -8.2812750274390990E-018
   2620.0000000000000       -1.6887461305531245E-018  -6.2293094782839809E-018
   2625.0000000000000       -1.3439472521574730E-018  -4.1614197097204756E-018
   2630.0000000000000       -9.9858368513031865E-019  -2.0779445349274954E-018
   2635.0000000000000       -6.5107430130345448E-019  -1.4997335967283982E-021
   2640.0000000000000       -2.7408817091214126E-019   2.0526681012212500E-018
   2645.0000000000000        9.2733564112121091E-020   4.0574821496458811E-018
   2650.0000000000000        4.3222436937164465E-019   6.0263184736358836E-018
   2655.0000000000000        7.6945642010515685E-019   7.9376103790977851E-018
   2660.0000000000000        1.0993475186291308E-018   9.7908529549856792E-018
   2665.0000000000000        1.4292386171531044E-018   1.1569862136888103E-017
   2670.0000000000000        1.7587909024981765E-018   1.3261951621186446E-017
   2675.0000000000000        2.0776141038446940E-018   1.4877271686031975E-017
   2680.0000000000000        2.3741885731099981E-018   1.6402298038700184E-017
   2685.0000000000000        2.6695207273859954E-018   1.7819440628319787E-017
   2690.0000000000000        2.9427170873070836E-018   1.9116982165787067E-017
   2695.0000000000000        3.1718677339709458E-018   2.0291986270218227E-017
   2700.0000000000000        3.3992113770139989E-018   2.1352866802222657E-017
   2705.0000000000000        3.5958359585033017E-018   2.2276302121319296E-017
   2710.0000000000000        3.7819573314466506E-018   2.3076861194200918E-017
   2715.0000000000000        3.9421030273408690E-018   2.3748840665689331E-017
   2720.0000000000000        4.0836139983954813E-018   2.4295007510078904E-017
   2725.0000000000000        4.1981893217274089E-018   2.4707230211075998E-017
   2730.0000000000000        4.2725023456331956E-018   2.4990929779543026E-017
   2735.0000000000000        4.3176209672902730E-018   2.5143056896869907E-017
   2740.0000000000000        4.3348439705511124E-018   2.5171743079350248E-017
   2745.0000000000000        4.3285759267414325E-018   2.5071567316121633E-017
   2750.0000000000000        4.2994662277874550E-018   2.4845353050341579E-017
   2755.0000000000000        4.2533876354568190E-018   2.4497617791062121E-017
   2760.0000000000000        4.1826674429689794E-018   2.4028587413735833E-017
   2765.0000000000000        4.0853451219814313E-018   2.3437471354278624E-017
   2770.0000000000000        3.9649022205470396E-018   2.2738160953025481E-017
   2775.0000000000000        3.8232571359424405E-018   2.1927945704545159E-017
   2780.0000000000000        3.6610503265432419E-018   2.1018119381467729E-017
   2785.0000000000000        3.4808017153675336E-018   2.0013877119203029E-017
   2790.0000000000000        3.2896263791722393E-018   1.8928997320359725E-017
   2795.0000000000000        3.0845879370735465E-018   1.7763367047211508E-017
   2800.0000000000000        2.8719826673127175E-018   1.6522294372894507E-017
   2805.0000000000000        2.6480271560586789E-018   1.5218880073659553E-017
   2810.0000000000000        2.4143590003427944E-018   1.3868144867104701E-017
   2815.0000000000000        2.1790532475955511E-018   1.2471556943671812E-017
   2820.0000000000000        1.9387782348910791E-018   1.1017766061867680E-017
   2825.0000000000000        1.6943245263134867E-018   9.5231481920058873E-018
   2830.0000000000000        1.4532589495249158E-018   7.9980936049060927E-018
   2835.0000000000000        1.2180096656408245E-018   6.4547431061456057E-018
   2840.0000000000000        9.8953664533476650E-019   4.8969365784186431E-018
   2845.0000000000000        7.6682344907003575E-019   3.3255210546724649E-018
   2850.0000000000000        5.4907951276252917E-019   1.7419647253489722E-018
   2855.0000000000000        3.3551427232814468E-019   1.5736372205720196E-019
   2860.0000000000000        1.2240078279896276E-019  -1.4142494427100016E-018
   2865.0000000000000       -8.9244516288311730E-020  -2.9691478239847217E-018
   2870.0000000000000       -3.0235800581749376E-019  -4.5031174328543687E-018
   2875.0000000000000       -5.0327422090621355E-019  -5.9931772066687431E-018
   2880.0000000000000       -6.6646923541054244E-019  -7.4486674483233052E-018
   2885.0000000000000       -8.2198448452643277E-019  -8.8640877376168158E-018
   2890.0000000000000       -9.8517949903076146E-019  -1.0230507170911666E-017
   2895.0000000000000       -1.1569577807339339E-018  -1.1522655931948105E-017
   2900.0000000000000       -1.3194751688804580E-018  -1.2744811537109764E-017
   2905.0000000000000       -1.4728446011966346E-018  -1.3883534396966869E-017
   2910.0000000000000       -1.6382983702269740E-018  -1.4943285551708298E-017
   2915.0000000000000       -1.7719037004405511E-018  -1.5922512107597421E-017
   2920.0000000000000       -1.8969822323184349E-018  -1.6817487119666308E-017
   2925.0000000000000       -2.0107669915662592E-018  -1.7620869635705428E-017
   2930.0000000000000       -2.1103780661633641E-018  -1.8330513838915080E-017
   2935.0000000000000       -2.1989777124461634E-018  -1.8944048037042953E-017
   2940.0000000000000       -2.2805752196983271E-018  -1.9460060508510276E-017
   2945.0000000000000       -2.3530812399832936E-018  -1.9874203150854480E-017
   2950.0000000000000       -2.4130511726488997E-018  -2.0183539583191742E-017
   2955.0000000000000       -2.4593556404321347E-018  -2.0391344999584796E-017
   2960.0000000000000       -2.4874488998494006E-018  -2.0490617261003000E-017
   2965.0000000000000       -2.5009449581423219E-018  -2.0491633700539703E-017
   2970.0000000000000       -2.5008320204160214E-018  -2.0397104823626118E-017
   2975.0000000000000       -2.4933640132643968E-018  -2.0200706117589438E-017
   2980.0000000000000       -2.4769245154797693E-018  -1.9905712776492331E-017
   2985.0000000000000       -2.4503717972353193E-018  -1.9517771686649874E-017
   2990.0000000000000       -2.4125673271359317E-018  -1.9047498994334261E-017
   2995.0000000000000       -2.3677169325788151E-018  -1.8478631666958280E-017
   3000.0000000000000       -2.3206501351430543E-018  -1.7816816590836915E-017
   3005.0000000000000       -2.2640118654033139E-018  -1.7064312520496200E-017
   3010.0000000000000       -2.2087288483791835E-018  -1.6221910020020205E-017
   3015.0000000000000       -2.1476295384505722E-018  -1.5308469689701181E-017
   3020.0000000000000       -2.0847514593327274E-018  -1.4325798533159891E-017
   3025.0000000000000       -2.0167064792366307E-018  -1.3291232491383484E-017
   3030.0000000000000       -1.9261304227435685E-018  -1.2200141117593647E-017
   3035.0000000000000       -1.8269710990516670E-018  -1.1050886814759012E-017
   3040.0000000000000       -1.7091770505201669E-018  -9.8545374800570390E-018
   3045.0000000000000       -1.5904230313151153E-018  -8.6204669447706728E-018
   3050.0000000000000       -1.4792358397722016E-018  -7.3519504029626323E-018
   3055.0000000000000       -1.3715497177446048E-018  -6.0492137300855207E-018
   3060.0000000000000       -1.2507063506029922E-018  -4.7207837244750282E-018
   3065.0000000000000       -1.1298629834613798E-018  -3.3764012650245760E-018
   3070.0000000000000       -1.0116171840246803E-018  -2.0281789228799059E-018
   3075.0000000000000       -8.9483957502988730E-019  -6.8227180412439791E-019
   3080.0000000000000       -7.8404766552902562E-019   6.6760225226741771E-019
   3085.0000000000000       -6.7709563872238390E-019   2.0087377520867278E-018
   3090.0000000000000       -5.5952746564348782E-019   3.3371889335209052E-018
   3095.0000000000000       -4.3834528532297379E-019   4.6450766255085088E-018
   3100.0000000000000       -3.0925746416141834E-019   5.9231225085546560E-018
   3105.0000000000000       -1.7056993626431458E-019   7.1677138989067078E-018
   3110.0000000000000       -3.2672972451314543E-020   8.3697807060026417E-018
   3115.0000000000000        1.1245200584492223E-019   9.5198396901371679E-018
   3120.0000000000000        2.6858841245546500E-019   1.0620587239525706E-017
   3125.0000000000000        4.0778416012092110E-019   1.1671642189341994E-017
   3130.0000000000000        5.4336590054475972E-019   1.2658887323798456E-017
   3135.0000000000000        6.7985114277900313E-019   1.3575038159548704E-017
   3140.0000000000000        8.1543288320284238E-019   1.4415633656403868E-017
   3145.0000000000000        9.4587595708000531E-019   1.5172485829207163E-017
   3150.0000000000000        1.0628229726642482E-018   1.5848022839074052E-017
   3155.0000000000000        1.1825934314060052E-018   1.6438009521268250E-017
   3160.0000000000000        1.2931594654542661E-018   1.6941090623074152E-017
   3165.0000000000000        1.4016361515659676E-018   1.7354950921102608E-017
   3170.0000000000000        1.5091811014356878E-018   1.7677952818322250E-017
   3175.0000000000000        1.6063357804857571E-018   1.7921333618499987E-017
   3180.0000000000000        1.6951613022211587E-018   1.8073573673553158E-017
   3185.0000000000000        1.7746694615367625E-018   1.8133374199629307E-017
   3190.0000000000000        1.8448037895694191E-018   1.8101130478770503E-017
   3195.0000000000000        1.9072160005662727E-018   1.7981190613439289E-017
   3200.0000000000000        1.9639742666402034E-018   1.7767738310731209E-017
   3205.0000000000000        2.0101905018247662E-018   1.7464952266519368E-017
   3210.0000000000000        2.0477376636082758E-018   1.7079891088697567E-017
   3215.0000000000000        2.0823177836799332E-018   1.6615378220423311E-017
   3220.0000000000000        2.1098251786420127E-018   1.6066105588560466E-017
   3225.0000000000000        2.1303516103971402E-018   1.5434727229677109E-017
   3230.0000000000000        2.1328927092389008E-018   1.4724235993520187E-017
   3235.0000000000000        2.1259752735029927E-018   1.3941803425709815E-017
   3240.0000000000000        2.1160085191569696E-018   1.3107419503801176E-017
   3245.0000000000000        2.1000560653170127E-018   1.2214138557626798E-017
   3250.0000000000000        2.0786826006146294E-018   1.1262525275818168E-017
   3255.0000000000000        2.0503352313131843E-018   1.0253652566775147E-017
   3260.0000000000000        2.0149292541179482E-018   9.1996612360750424E-018
   3265.0000000000000        1.9683989108821096E-018   8.1032053202859207E-018
   3270.0000000000000        1.9160522747417968E-018   6.9763691561219709E-018
   3275.0000000000000        1.8528071480134805E-018   5.8196044944883509E-018
   3280.0000000000000        1.7870773913065488E-018   4.6547083165610831E-018
   3285.0000000000000        1.7151925285162345E-018   3.4805230106455897E-018
   3290.0000000000000        1.6304892337908048E-018   2.2988555803626886E-018
   3295.0000000000000        1.5389532066241886E-018   1.1097342601439529E-018
   3300.0000000000000        1.4279918905338757E-018  -7.9034129680095118E-020
   3305.0000000000000        1.2838268829111937E-018  -1.2640191056730735E-018
   3310.0000000000000        1.1160014216285419E-018  -2.4373997302886670E-018
   3315.0000000000000        9.4145616563100565E-019  -3.5889569039486507E-018
   3320.0000000000000        7.5872292447667782E-019  -4.7074823293529278E-018
   3325.0000000000000        5.8412119961599109E-019  -5.7932585713987467E-018
   3330.0000000000000        4.2284612645877305E-019  -6.8430782648336192E-018
   3335.0000000000000        2.6286983715401032E-019  -7.8516262779135278E-018
   3340.0000000000000        1.0611227304881444E-019  -8.8126980942998351E-018
   3345.0000000000000       -4.4828998151901873E-020  -9.7237102635034114E-018
   3350.0000000000000       -1.8063661402834116E-019  -1.0579721759998609E-017
   3355.0000000000000       -3.1616188558902874E-019  -1.1375932730417656E-017
   3360.0000000000000       -4.5168715714971660E-019  -1.2105623380045663E-017
   3365.0000000000000       -5.8721242871040658E-019  -1.2768624302293182E-017
   3370.0000000000000       -7.2273770027109656E-019  -1.3361321489918587E-017
   3375.0000000000000       -8.5826297183178654E-019  -1.3881625594985319E-017
   3380.0000000000000       -9.8548732050938239E-019  -1.4327842551598880E-017
   3385.0000000000000       -1.1002885192939152E-018  -1.4698447700454221E-017
   3390.0000000000000       -1.2140168096785937E-018  -1.4993271634961870E-017
   3395.0000000000000       -1.3198394592222305E-018  -1.5210055600595815E-017
   3400.0000000000000       -1.4203540356297414E-018  -1.5349928974619071E-017
   3405.0000000000000       -1.5082478211231615E-018  -1.5410971815684533E-017
   3410.0000000000000       -1.5912570499540845E-018  -1.5397532226254757E-017
   3415.0000000000000       -1.6680688210542618E-018  -1.5307520858393203E-017
   3420.0000000000000       -1.7352950026346768E-018  -1.5140994180963021E-017
   3425.0000000000000       -1.7916809271422095E-018  -1.4898347476006245E-017
   3430.0000000000000       -1.8460028705853025E-018  -1.4579806618975475E-017
   3435.0000000000000       -1.8881780527506731E-018  -1.4177353031303384E-017
   3440.0000000000000       -1.9135749239525147E-018  -1.3700812295178117E-017
   3445.0000000000000       -1.9228922863723113E-018  -1.3157751238261815E-017
   3450.0000000000000       -1.9223840666039592E-018  -1.2551557992343496E-017
   3455.0000000000000       -1.9101303233003446E-018  -1.1886354784433118E-017
   3460.0000000000000       -1.8832793788723861E-018  -1.1162649834299042E-017
   3465.0000000000000       -1.8480428082666027E-018  -1.0387671156424518E-017
   3470.0000000000000       -1.8039406261462304E-018  -9.5654280400931808E-018
   3475.0000000000000       -1.7398202320390796E-018  -8.6981227709679344E-018
   3480.0000000000000       -1.6583356625132157E-018  -7.7975008725840015E-018
   3485.0000000000000       -1.5661784778519469E-018  -6.8699433264773977E-018
   3490.0000000000000       -1.4685438134651003E-018  -5.9012482135658071E-018
   3495.0000000000000       -1.3580342482799890E-018  -4.9068597679208340E-018
   3500.0000000000000       -1.2443624267584626E-018  -3.8975635424041904E-018
   3505.0000000000000       -1.1171945469440173E-018  -2.8801075661623253E-018
   3510.0000000000000       -9.8867141441396497E-019  -1.8642609525202424E-018
   3515.0000000000000       -8.4614400382264157E-019  -8.5080014834625911E-019
   3520.0000000000000       -7.0192252733680919E-019   1.6139010640684185E-019
   3525.0000000000000       -5.4668962253667147E-019   1.1644324053295963E-018
   3530.0000000000000       -3.8756036617916363E-019   2.1454024373684844E-018
   3535.0000000000000       -2.3932960040966107E-019   3.1031690606085238E-018
   3540.0000000000000       -9.8157442533944339E-020   4.0395332678247400E-018
   3545.0000000000000        5.3292048435124583E-020   4.9448950214093413E-018
   3550.0000000000000        2.0976726822456877E-019   5.8171766090997098E-018
   3555.0000000000000        3.5133470814233692E-019   6.6537486994554184E-018
   3560.0000000000000        4.9075633126039487E-019   7.4393576408179938E-018
   3565.0000000000000        6.2978267233640175E-019   8.1743281291505493E-018
   3570.0000000000000        7.7010779726486501E-019   8.8539873660274027E-018
   3575.0000000000000        9.0049440227887674E-019   9.4772342086171209E-018
   3580.0000000000000        1.0229188975886975E-018   1.0041386385920060E-017
   3585.0000000000000        1.1415035102042976E-018   1.0546302725778347E-017
   3590.0000000000000        1.2587893389674415E-018   1.0989922114686999E-017
   3595.0000000000000        1.3666448675844900E-018   1.1374277431719421E-017
   3600.0000000000000        1.4708299200967688E-018   1.1695415856455104E-017
   3605.0000000000000        1.5675046138100591E-018   1.1953083279009858E-017
   3610.0000000000000        1.6560477912297088E-018   1.2145077413720833E-017
   3615.0000000000000        1.7361206391768155E-018   1.2272527637851024E-017
   3620.0000000000000        1.8082878462828798E-018   1.2332779914832383E-017
   3625.0000000000000        1.8738058447529983E-018   1.2326511871022697E-017
   3630.0000000000000        1.9258701365775615E-018   1.2253667037558822E-017
   3635.0000000000000        1.9653136374880359E-018   1.2116899451008830E-017
   3640.0000000000000        1.9938092375552495E-018   1.1908359939394820E-017
   3645.0000000000000        2.0108116593194053E-018   1.1632170729726765E-017
   3650.0000000000000        2.0167387392805934E-018   1.1294317521498597E-017
   3655.0000000000000        2.0050249794808564E-018   1.0899713105804390E-017
   3660.0000000000000        1.9785763757028406E-018   1.0452423240790969E-017
   3665.0000000000000        1.9379258528425271E-018   9.9579818750470519E-018
   3670.0000000000000        1.8832357588814737E-018   9.4164454774358005E-018
   3675.0000000000000        1.8160378117326313E-018   8.8312021797462253E-018
   3680.0000000000000        1.7368119967327752E-018   8.2063742089883036E-018
   3685.0000000000000        1.6471959109132712E-018   7.5443897262774886E-018
   3690.0000000000000        1.5563092756728846E-018   6.8520814640549779E-018
   3695.0000000000000        1.4574040618651550E-018   6.1345316200042835E-018
   3700.0000000000000        1.3518355222056951E-018   5.3888038132415985E-018
   3705.0000000000000        1.2384742794314952E-018   4.6228883879026856E-018
   3710.0000000000000        1.1196355569317164E-018   3.8424604647341514E-018
   3715.0000000000000        9.9407703971705408E-019   3.0486211865674209E-018
   3720.0000000000000        8.6623153354480468E-019   2.2537372344324083E-018
   3725.0000000000000        7.4047537530911629E-019   1.4526699417824386E-018
   3730.0000000000000        6.0839470440059519E-019   6.4849686165920561E-019
   3735.0000000000000        4.7145771126114866E-019  -1.4932347135962003E-019
   3740.0000000000000        3.3677947264771486E-019  -9.4168044186865602E-019
   3745.0000000000000        2.0396470651824089E-019  -1.7251929766867758E-018
   3750.0000000000000        6.8834716999605060E-020  -2.4940236070858226E-018
   3755.0000000000000       -7.6798481064984327E-020  -3.2481617451539546E-018
   3760.0000000000000       -2.2926441157075828E-019  -3.9847804184297102E-018
   3765.0000000000000       -3.7941511868737096E-019  -4.6989862469907209E-018
   3770.0000000000000       -5.3182458032999565E-019  -5.3834912181866563E-018
   3775.0000000000000       -6.8214469403605932E-019  -6.0303067525337230E-018
   3780.0000000000000       -8.2941548913200721E-019  -6.6315589729264018E-018
   3785.0000000000000       -9.7199936858648171E-019  -7.1854902859991356E-018
   3790.0000000000000       -1.1135103396411007E-018  -7.6996675194140722E-018
   3795.0000000000000       -1.2512378968646510E-018  -8.1721989662556698E-018
   3800.0000000000000       -1.3792810440579263E-018  -8.6003458866611454E-018
   3805.0000000000000       -1.4989103306418069E-018  -8.9791390206732722E-018
   3810.0000000000000       -1.6112268994477240E-018  -9.3073078188711641E-018
   3815.0000000000000       -1.7175012998965636E-018  -9.5843158270548951E-018
   3820.0000000000000       -1.8210934293457674E-018  -9.8095701221613849E-018
   3825.0000000000000       -1.9158199472803703E-018  -9.9815742793171619E-018
   3830.0000000000000       -1.9999020845111482E-018  -1.0101288269195766E-017
   3835.0000000000000       -2.0731422000170731E-018  -1.0167554480102624E-017
   3840.0000000000000       -2.1320109898512470E-018  -1.0179525879090480E-017
   3845.0000000000000       -2.1790777872870109E-018  -1.0138416546717077E-017
   3850.0000000000000       -2.2148366948769288E-018  -1.0044791171613903E-017
   3855.0000000000000       -2.2357937017135791E-018  -9.9009649771701251E-018
   3860.0000000000000       -2.2428805440389401E-018  -9.7068814945225899E-018
   3865.0000000000000       -2.2389488994421020E-018  -9.4671147015864719E-018
   3870.0000000000000       -2.2246315610916655E-018  -9.1833586642562859E-018
   3875.0000000000000       -2.2010840451579965E-018  -8.8523381884692998E-018
   3880.0000000000000       -2.1674250734164782E-018  -8.4759167467094952E-018
   3885.0000000000000       -2.1257087007642039E-018  -8.0589506612077723E-018
   3890.0000000000000       -2.0730091342291965E-018  -7.6021175583219602E-018
   3895.0000000000000       -2.0091569672220104E-018  -7.1119960606090408E-018
   3900.0000000000000       -1.9357333279108504E-018  -6.5888120435216313E-018
   3905.0000000000000       -1.8509453298906970E-018  -6.0380994556484608E-018
   3910.0000000000000       -1.7578846434190271E-018  -5.4588418574528207E-018
   3915.0000000000000       -1.6570312538326128E-018  -4.8572225894496657E-018
   3920.0000000000000       -1.5489780841945412E-018  -4.2413731679326345E-018
   3925.0000000000000       -1.4314099111156453E-018  -3.6078489922495688E-018
   3930.0000000000000       -1.3054278774273555E-018  -2.9611675714524864E-018
   3935.0000000000000       -1.1743071771923902E-018  -2.3033617846147980E-018
   3940.0000000000000       -1.0395442352842321E-018  -1.6420549282617933E-018
   3945.0000000000000       -8.9952968910309551E-019  -9.7371769844657616E-019
   3950.0000000000000       -7.5110128231256588E-019  -3.0970033666235507E-019
   3955.0000000000000       -5.9951061918562046E-019   3.5346999217461171E-019
   3960.0000000000000       -4.4854111355332841E-019   1.0112757790123018E-018
   3965.0000000000000       -2.9912450165766966E-019   1.6625594121561339E-018
   3970.0000000000000       -1.4719502535182346E-019   2.3039045253855141E-018
   3975.0000000000000        1.0353102837476383E-020   2.9285048560388615E-018
   3980.0000000000000        1.7558099641521533E-019   3.5326087540206268E-018
   3985.0000000000000        3.3826779115119120E-019   4.1220757462086402E-018
   3990.0000000000000        4.9200427107784715E-019   4.6840538722802938E-018
   3995.0000000000000        6.4382080965739312E-019   5.2139718012983710E-018
   4000.0000000000000        7.9462090870023437E-019   5.7120907017549442E-018
   4005.0000000000000        9.4053645108057555E-019   6.1781705809816230E-018
   4010.0000000000000        1.0843626455243569E-018   6.6093244683498539E-018
   4015.0000000000000        1.2223725470636584E-018   7.0031383199599548E-018
   4020.0000000000000        1.3551590787615583E-018   7.3557440186861413E-018
   4025.0000000000000        1.4814234567655994E-018   7.6658992495390874E-018
   4030.0000000000000        1.6015327286862590E-018   7.9329687378083676E-018
   4035.0000000000000        1.7146398615762832E-018   8.1548631355574227E-018
   4040.0000000000000        1.8184578664780870E-018   8.3323730068703496E-018
   4045.0000000000000        1.9148219814440502E-018   8.4630137217685396E-018
   4050.0000000000000        2.0015158035955270E-018   8.5484511117149235E-018
   4055.0000000000000        2.0783699263430701E-018   8.5873581584254734E-018
   4060.0000000000000        2.1425044376660071E-018   8.5809771768894883E-018
   4065.0000000000000        2.1946393155695094E-018   8.5292234638122487E-018
   4070.0000000000000        2.2351345490561592E-018   8.4327464111199827E-018
   4075.0000000000000        2.2635595630444344E-018   8.2921954107389214E-018
   4080.0000000000000        2.2786367495055607E-018   8.1089257153846689E-018
   4085.0000000000000        2.2806466881033167E-018   7.8848007975411792E-018
   4090.0000000000000        2.2715014343963067E-018   7.6238299464921366E-018
   4095.0000000000000        2.2490471203601879E-018   7.3269166640479219E-018
   4100.0000000000000        2.2129352823755808E-018   6.9947668109979388E-018
   4105.0000000000000        2.1672307962633178E-018   6.6297238451629078E-018
   4110.0000000000000        2.1110936876840397E-018   6.2311666090481847E-018
   4115.0000000000000        2.0436416306510262E-018   5.8021444212638831E-018
   4120.0000000000000        1.9624252882251257E-018   5.3453677872412128E-018
   4125.0000000000000        1.8708186749795738E-018   4.8645071830849482E-018
   4130.0000000000000        1.7707417322614778E-018   4.3627530995630749E-018
   4135.0000000000000        1.6569428557978642E-018   3.8464018149168547E-018
   4140.0000000000000        1.5335866242460645E-018   3.3168932851566227E-018
   4145.0000000000000        1.4047811474002599E-018   2.7686935616936392E-018
   4150.0000000000000        1.2704134875341509E-018   2.2111482413792842E-018
   4155.0000000000000        1.1285637033006315E-018   1.6479560347498963E-018
   4160.0000000000000        9.8284580194131745E-019   1.0812062897420412E-018
   4165.0000000000000        8.3436092628763864E-019   5.1051784152945593E-019
   4170.0000000000000        6.7955153796112770E-019  -5.9055346635910846E-020
   4175.0000000000000        5.2372571009791136E-019  -6.2498629312808352E-019
   4180.0000000000000        3.6648816065593798E-019  -1.1823198552056254E-018
   4185.0000000000000        2.0222023775175414E-019  -1.7290866812661701E-018
   4190.0000000000000        4.0013428352555467E-020  -2.2598375260157139E-018
   4195.0000000000000       -1.2151575468883953E-019  -2.7720207027006553E-018
   4200.0000000000000       -2.7392521633146350E-019  -3.2642124129052929E-018
   4205.0000000000000       -4.2492295639533072E-019  -3.7318734203001802E-018
   4210.0000000000000       -5.6722449153405361E-019  -4.1795056277964493E-018
   4215.0000000000000       -7.0887663474654750E-019  -4.6040879512155610E-018
   4220.0000000000000       -8.4908882194870922E-019  -5.0019322679330112E-018
   4225.0000000000000       -9.7526849665802572E-019  -5.3703633655570595E-018
   4230.0000000000000       -1.0947001422208828E-018  -5.7062260463591792E-018
   4235.0000000000000       -1.2096989820264428E-018  -6.0117931820811665E-018
   4240.0000000000000       -1.3149004740754283E-018  -6.2852295346706430E-018
   4245.0000000000000       -1.4136080468621304E-018  -6.5273821370748590E-018
   4250.0000000000000       -1.5103956783017218E-018  -6.7359216486888707E-018
   4255.0000000000000       -1.6036257713628454E-018  -6.9075869926657409E-018
   4260.0000000000000       -1.6891478646039533E-018  -7.0428863887738303E-018
   4265.0000000000000       -1.7659596357041298E-018  -7.1413680861079270E-018
   4270.0000000000000       -1.8350916414158673E-018  -7.2023262238786619E-018
   4275.0000000000000       -1.8952450978867107E-018  -7.2260713808333586E-018
   4280.0000000000000       -1.9460106058588181E-018  -7.2122929782246889E-018
   4285.0000000000000       -1.9870352349375022E-018  -7.1624874409261413E-018
   4290.0000000000000       -2.0204224502751083E-018  -7.0755818605378590E-018
   4295.0000000000000       -2.0428194131220915E-018  -6.9532703029543352E-018
   4300.0000000000000       -2.0541167150560958E-018  -6.7962303945333852E-018
   4305.0000000000000       -2.0556290217973394E-018  -6.6045750730013116E-018
   4310.0000000000000       -2.0458869297056831E-018  -6.3814665946945307E-018
   4315.0000000000000       -2.0262776758137535E-018  -6.1262273332552359E-018
   4320.0000000000000       -1.9956539054665632E-018  -5.8412854497988888E-018
   4325.0000000000000       -1.9544810456221102E-018  -5.5281938380621236E-018
   4330.0000000000000       -1.9037437720815783E-018  -5.1885618606447247E-018
   4335.0000000000000       -1.8426374035450738E-018  -4.8263988068303595E-018
   4340.0000000000000       -1.7689173027023738E-018  -4.4424105374084095E-018
   4345.0000000000000       -1.6848069310400218E-018  -4.0410863269993203E-018
   4350.0000000000000       -1.5931297317155319E-018  -3.6189815749509276E-018
   4355.0000000000000       -1.4936598292763011E-018  -3.1784397390839660E-018
   4360.0000000000000       -1.3869619123538351E-018  -2.7252206434397651E-018
   4365.0000000000000       -1.2733606769112454E-018  -2.2609336506181069E-018
   4370.0000000000000       -1.1558489726954986E-018  -1.7898139253552656E-018
   4375.0000000000000       -1.0315610049017164E-018  -1.3144025664930014E-018
   4380.0000000000000       -9.0224730828755963E-019  -8.3731125895201730E-019
   4385.0000000000000       -7.7214304758929888E-019  -3.6400336524210201E-019
   4390.0000000000000       -6.3596838410238206E-019   1.1040567129924399E-019
   4395.0000000000000       -4.9793024813150584E-019   5.8201244050675717E-019
   4400.0000000000000       -3.6192499123404002E-019   1.0474429278072083E-018
   4405.0000000000000       -2.1953875280059274E-019   1.5030619501352960E-018
   4410.0000000000000       -7.5401979609485752E-020   1.9447649270007855E-018
   4415.0000000000000        7.0202984023528469E-020   2.3711083730893970E-018
   4420.0000000000000        2.1984547137178815E-019   2.7827015344949621E-018
   4425.0000000000000        3.6872562906751909E-019   3.1747260290039870E-018
   4430.0000000000000        5.1040600671158848E-019   3.5470570074893503E-018
   4435.0000000000000        6.4920647233499297E-019   3.8991580157511222E-018
   4440.0000000000000        7.7826605906497340E-019   4.2292538139040197E-018
   4445.0000000000000        9.0187640050095082E-019   4.5361126748705710E-018
   4450.0000000000000        1.0226350643478373E-018   4.8169605657485211E-018
   4455.0000000000000        1.1367304023429910E-018   5.0653812119624217E-018
   4460.0000000000000        1.2473529052544043E-018   5.2860615291537386E-018
   4465.0000000000000        1.3508038625457317E-018   5.4747240009388474E-018
   4470.0000000000000        1.4472667980222093E-018   5.6317215577124307E-018
   4475.0000000000000        1.5368405321943521E-018   5.7578306463428061E-018
   4480.0000000000000        1.6184521566623037E-018   5.8518089518406713E-018
   4485.0000000000000        1.6921299058576408E-018   5.9137552947165342E-018
   4490.0000000000000        1.7567726369489299E-018   5.9440790742282383E-018
   4495.0000000000000        1.8105309946680032E-018   5.9420461951548313E-018
   4500.0000000000000        1.8539555504305712E-018   5.9097742398644399E-018
   4505.0000000000000        1.8879003957917867E-018   5.8463314721150946E-018
   4510.0000000000000        1.9116243769228016E-018   5.7526496281487718E-018
   4515.0000000000000        1.9249580872341631E-018   5.6296886786390192E-018
   4520.0000000000000        1.9274497758206699E-018   5.4778156711963237E-018
   4525.0000000000000        1.9197558932164432E-018   5.2944612725473424E-018
   4530.0000000000000        1.9025454079555418E-018   5.0840582884493753E-018
   4535.0000000000000        1.8756569646731440E-018   4.8487243012705543E-018
   4540.0000000000000        1.8388216193794233E-018   4.5894475161160157E-018
   4545.0000000000000        1.7932830105526637E-018   4.3081761087644377E-018
   4550.0000000000000        1.7359529972393347E-018   4.0071405993102574E-018
   4555.0000000000000        1.6704702918086839E-018   3.6891361964794202E-018
   4560.0000000000000        1.5995383410840301E-018   3.3552358086717759E-018
   4565.0000000000000        1.5225006945312518E-018   3.0053547325926012E-018
   4570.0000000000000        1.4376844620795207E-018   2.6452527922832223E-018
   4575.0000000000000        1.3460919660497558E-018   2.2767793430118150E-018
   4580.0000000000000        1.2487961148418121E-018   1.9016708023202478E-018
   4585.0000000000000        1.1460086666925011E-018   1.5215365328083058E-018
   4590.0000000000000        1.0382096069386033E-018   1.1355718531760985E-018
   4595.0000000000000        9.2366251803824556E-019   7.4538612602340377E-019
   4600.0000000000000        8.0533201530682044E-019   3.5151580555015550E-019
   4605.0000000000000        6.8347220862850215E-019  -4.2354514923094418E-020
   4610.0000000000000        5.6155593308703332E-019  -4.3405784277295175E-019
   4615.0000000000000        4.3382336464108458E-019  -8.1992370189464833E-019
   4620.0000000000000        3.0371910394282355E-019  -1.1990556490856731E-018
   4625.0000000000000        1.7429246960236642E-019  -1.5612857596750282E-018
   4630.0000000000000        4.6926948766894833E-020  -1.9103550958464188E-018
   4635.0000000000000       -8.0269165479125921E-020  -2.2487518168824055E-018
   4640.0000000000000       -2.0639237132529129E-019  -2.5737832293076313E-018
   4645.0000000000000       -3.2788513039313294E-019  -2.8864733275750626E-018
   4650.0000000000000       -4.4785323015591710E-019  -3.1825607528956967E-018
   4655.0000000000000       -5.6762368889767419E-019  -3.4621275064409248E-018
   4660.0000000000000       -6.8454247005034227E-019  -3.7217713392059445E-018
   4665.0000000000000       -7.9917426224542457E-019  -3.9590252677318743E-018
   4670.0000000000000       -9.0736860404137398E-019  -4.1749480832027818E-018
   4675.0000000000000       -1.0149417883426686E-018  -4.3712691445526454E-018
   4680.0000000000000       -1.1181668701813951E-018  -4.5454473529397038E-018
   4685.0000000000000       -1.2154627213893386E-018  -4.6940169318881093E-018
   4690.0000000000000       -1.3065187632191749E-018  -4.8169778813978581E-018
   4695.0000000000000       -1.3908267759025533E-018  -4.9142878498215918E-018
   4700.0000000000000       -1.4677373675132441E-018  -4.9846057016594861E-018
   4705.0000000000000       -1.5352317761936239E-018  -5.0285808288377698E-018
   4710.0000000000000       -1.5948911301119024E-018  -5.0462273485722342E-018
   4715.0000000000000       -1.6464613193839020E-018  -5.0377429018839022E-018
   4720.0000000000000       -1.6900976333832861E-018  -5.0034239503043126E-018
   4725.0000000000000       -1.7240565959602897E-018  -4.9435104865018575E-018
   4730.0000000000000       -1.7489311301779925E-018  -4.8592165910342665E-018
   4735.0000000000000       -1.7626354174037778E-018  -4.7499493408384656E-018
   4740.0000000000000       -1.7667294099821745E-018  -4.6212003328558111E-018
   4745.0000000000000       -1.7626160062320705E-018  -4.4737318967388379E-018
   4750.0000000000000       -1.7513680869806358E-018  -4.3034500399091488E-018
   4755.0000000000000       -1.7302725273913814E-018  -4.1134323154084351E-018
   4760.0000000000000       -1.7005928458499851E-018  -3.9031987378999149E-018
   4765.0000000000000       -1.6632175170523891E-018  -3.6733281132308870E-018
   4770.0000000000000       -1.6173930346059313E-018  -3.4251333424695888E-018
   4775.0000000000000       -1.5649899296024658E-018  -3.1610990555946366E-018
   4780.0000000000000       -1.5054505720183824E-018  -2.8833993038373155E-018
   4785.0000000000000       -1.4390078959141763E-018  -2.5914129297029690E-018
   4790.0000000000000       -1.3670030367896662E-018  -2.2873986877176132E-018
   4795.0000000000000       -1.2890054195633323E-018  -1.9733188708757181E-018
   4800.0000000000000       -1.2051068061377936E-018  -1.6502746220087144E-018
   4805.0000000000000       -1.1157024785551030E-018  -1.3201717652479269E-018
   4810.0000000000000       -1.0210747811310096E-018  -9.8268560463023734E-019
   4815.0000000000000       -9.2125194829709003E-019  -6.4216424261822162E-019
   4820.0000000000000       -8.1326936473795487E-019  -2.9989234584854620E-019
   4825.0000000000000       -7.0120690581621146E-019   4.1779569250157258E-020
   4830.0000000000000       -5.8502221988449634E-019   3.8051510346504576E-019
   4835.0000000000000       -4.6653642777940701E-019   7.1276377702554430E-019
   4840.0000000000000       -3.4635656977980985E-019   1.0391749818578841E-018
   4845.0000000000000       -2.1979573024422994E-019   1.3570311539229544E-018
   4850.0000000000000       -9.3898399850665913E-020   1.6651429177906531E-018
   4855.0000000000000        3.2027164974473432E-020   1.9616273898053121E-018
   4860.0000000000000        1.5816448803642630E-019   2.2466277273582795E-018
   4865.0000000000000        2.8387829462475175E-019   2.5173138422744517E-018
   4870.0000000000000        4.0973327337095305E-019   2.7721948793631374E-018
   4875.0000000000000        5.3139543902824624E-019   3.0104123078665681E-018
   4880.0000000000000        6.5146235930154360E-019   3.2307079309276766E-018
   4885.0000000000000        7.6719529432805684E-019   3.4314123877795817E-018
   4890.0000000000000        8.7887658842353626E-019   3.6131927168682474E-018
   4895.0000000000000        9.8599802181962956E-019   3.7740301563360491E-018
   4900.0000000000000        1.0878960853743246E-018   3.9130423801962682E-018
   4905.0000000000000        1.1840060904561118E-018   4.0291000111858993E-018
   4910.0000000000000        1.2740174583176681E-018   4.1236288880994788E-018
   4915.0000000000000        1.3564619985170870E-018   4.1955843369687315E-018
   4920.0000000000000        1.4305632641860509E-018   4.2446840134779038E-018
   4925.0000000000000        1.4968294750929103E-018   4.2711961447269644E-018
   4930.0000000000000        1.5562558949506942E-018   4.2753183717369346E-018
   4935.0000000000000        1.6090119303488499E-018   4.2569236395657275E-018
   4940.0000000000000        1.6522741381298621E-018   4.2166331057079957E-018
   4945.0000000000000        1.6865577966699804E-018   4.1547149972637076E-018
   4950.0000000000000        1.7123005396586170E-018   4.0721010504748378E-018
   4955.0000000000000        1.7290753213181991E-018   3.9692571334623772E-018
   4960.0000000000000        1.7365715629013994E-018   3.8462538323052632E-018
   4965.0000000000000        1.7355357121929872E-018   3.7041075865402041E-018
   4970.0000000000000        1.7248281348903588E-018   3.5448371580248209E-018
   4975.0000000000000        1.7056808889432267E-018   3.3706871840693376E-018
   4980.0000000000000        1.6774570452799239E-018   3.1801612398002703E-018
   4985.0000000000000        1.6402070067724427E-018   2.9744734057753497E-018
   4990.0000000000000        1.5952472037929738E-018   2.7550777552206997E-018
   4995.0000000000000        1.5407971025003093E-018   2.5226377972783323E-018
