   0.0000000000000000        1.0000000000000000        0.0000000000000000     
   5.0000000000000000       0.99728464600342248       -7.0589895079009285E-002
   10.000000000000000       0.98924275730526789      -0.14081609176536347     
   15.000000000000000       0.97593406125171667      -0.21027755411129498     
   20.000000000000000       0.95744899362407743      -0.27857993582947321     
   25.000000000000000       0.93390778832927424      -0.34533793637759785     
   30.000000000000000       0.90545940886811394      -0.41017755810973805     
   35.000000000000000       0.87228033123468285      -0.47273825393817248     
   40.000000000000000       0.83457318836069017      -0.53267495587855307     
   45.000000000000000       0.79256528662459824      -0.58965997578361573     
   50.000000000000000       0.74650700529739988      -0.64338477050387877     
   55.000000000000000       0.69667009009546743      -0.69356156464543650     
   60.000000000000000       0.64334585225634267      -0.73992482502275170     
   65.000000000000000       0.58684328474619174      -0.78223258182609945     
   70.000000000000000       0.52748710734822535      -0.82026759243677283     
   75.000000000000000       0.46561575247022519      -0.85383834472624243     
   80.000000000000000       0.40157930354689897      -0.88277989756590425     
   85.000000000000000       0.33573739789971951      -0.90695455714980688     
   90.000000000000000       0.26845710585385718      -0.92625238859154779     
   95.000000000000000       0.20011079779961327      -0.94059156309628411     
   100.00000000000000       0.13107401072529970      -0.94991854182724700     
   105.00000000000000        6.1723325540869692E-002 -0.95420809838118359     
   110.00000000000000       -7.5657337420337398E-003 -0.95346318255655660     
   115.00000000000000       -7.6420768206203901E-002 -0.94771462883995794     
   120.00000000000000      -0.14447452917514766      -0.93702071374794782     
   125.00000000000000      -0.21136689026631189      -0.92146656684131367     
   130.00000000000000      -0.27674675673048960      -0.90116344087451850     
   135.00000000000000      -0.34027390291667431      -0.87624784715296455     
   140.00000000000000      -0.40162072919712816      -0.84688056274273038     
   145.00000000000000      -0.46047393021606609      -0.81324551670987411     
   150.00000000000000      -0.51653606688469267      -0.77554856305763753     
   155.00000000000000      -0.56952703513275094      -0.73401614847830410     
   160.00000000000000      -0.61918542503953711      -0.68889388344076652     
   165.00000000000000      -0.66526976460266285      -0.64044502549374749     
   170.00000000000000      -0.70755964305772678      -0.58894888397703626     
   175.00000000000000      -0.74585670933349735      -0.53469915559816172     
   180.00000000000000      -0.77998554191202252      -0.47800220054887865     
   185.00000000000000      -0.80979438705810969      -0.41917526900420965     
   190.00000000000000      -0.83515576308462769      -0.35854468796619887     
   195.00000000000000      -0.85596692902575433      -0.29644401848491081     
   200.00000000000000      -0.87215021679637184      -0.23321219331059956     
   205.00000000000000      -0.88365322661898327      -0.16919164500372702     
   210.00000000000000      -0.89044888619650253      -0.10472643445409552     
   215.00000000000000      -0.89253537479680523       -4.0160389637545424E-002
   220.00000000000000      -0.88993591408984851        2.4164735730627600E-002
   225.00000000000000      -0.88269842823728695        8.7911074200994380E-002
   230.00000000000000      -0.87089507637482544       0.15074641806808134     
   235.00000000000000      -0.85462166124607664       0.21234594543622787     
   240.00000000000000      -0.83399691834060541       0.27239389032982525     
   245.00000000000000      -0.80916169045540653       0.33058514868486272     
   250.00000000000000      -0.78027799313576007       0.38662681247560010     
   255.00000000000000      -0.74752797695573792       0.44023962468136718     
   260.00000000000000      -0.71111279306846376       0.49115934828152252     
   265.00000000000000      -0.67125136888936932       0.53913804297888346     
   270.00000000000000      -0.62817910117037856       0.58394524389076363     
   275.00000000000000      -0.58214647407741815       0.62536903700925461     
   280.00000000000000      -0.53341761019650458       0.66321702681566297     
   285.00000000000000      -0.48226876266357366       0.69731719203498221     
   290.00000000000000      -0.42898675683923948       0.72751862613186113     
   295.00000000000000      -0.37386739013091463       0.75369215977658310     
   300.00000000000000      -0.31721379870067412       0.77573086314482675     
   305.00000000000000      -0.25933479988752528       0.79355042655528729     
   310.00000000000000      -0.20054321921725513       0.80708941859129579     
   315.00000000000000      -0.14115421087186830       0.81630942149319030     
   320.00000000000000       -8.1483580444186465E-002  0.82119504424415535     
   325.00000000000000       -2.1846118711987012E-002  0.82175381440038564     
   330.00000000000000        3.7446044969043767E-002  0.81801595033365304     
   335.00000000000000        9.6085061232283664E-002  0.81003401615762094     
   340.00000000000000       0.15376894302549937       0.79788246219561532     
   345.00000000000000       0.21020310375286949       0.78165705441421396     
   350.00000000000000       0.26510184359057409       0.76147419679118222     
   355.00000000000000       0.31818977666811971       0.73747015110541925     
   360.00000000000000       0.36920319217765241       0.70980015912823147     
   365.00000000000000       0.41789134287621382       0.67863747265709218     
   370.00000000000000       0.46401765487890689       0.64417229726300640     
   375.00000000000000       0.50736085310179257       0.60661065601870345     
   380.00000000000000       0.54771599719947039       0.56617317983533477     
   385.00000000000000       0.58489542335099387       0.52309383135868504     
   390.00000000000000       0.61872958777625564       0.47761856966062927     
   395.00000000000000       0.64906780841038869       0.43000396320662626     
   400.00000000000000       0.67577890172306687       0.38051575878442012     
   405.00000000000000       0.69875171223996768       0.32942741424212568     
   410.00000000000000       0.71789553290192709       0.27701860300498093     
   415.00000000000000       0.73314041498053961       0.22357369841895022     
   420.00000000000000       0.74443736685399942       0.16938024600601134     
   425.00000000000000       0.75175844153086802       0.11472743171046086     
   430.00000000000000       0.75509671338913320        5.9904554168326782E-002
   435.00000000000000       0.75446614517046240        5.1995089435204105E-003
   440.00000000000000       0.74990134683202425       -4.9102707454503569E-002
   445.00000000000000       0.74145722840783446      -0.10272146612510732     
   450.00000000000000       0.72920854956552206      -0.15538193946292839     
   455.00000000000000       0.71324936906007952      -0.20681649277994546     
   460.00000000000000       0.69369239778100245      -0.25676602694542394     
   465.00000000000000       0.67066825956088127      -0.30498126543838855     
   470.00000000000000       0.64432466435966051      -0.35122397955137757     
   475.00000000000000       0.61482549885737003      -0.39526814585803088     
   480.00000000000000       0.58234983987716782      -0.43690103045839440     
   485.00000000000000       0.54709089641823627      -0.47592419494237709     
   490.00000000000000       0.50925488640284944      -0.51215441946116969     
   495.00000000000000       0.46905985453232413      -0.54542453876611441     
   500.00000000000000       0.42673443790136950      -0.57558418756190033     
   505.00000000000000       0.38251658623850138      -0.60250045202338520     
   510.00000000000000       0.33665224382084641      -0.62605842484009355     
   515.00000000000000       0.28939400025419282      -0.64616166167670819     
   520.00000000000000       0.24099971741309789      -0.66273253746890748     
   525.00000000000000       0.19173113990100940      -0.67571250150885120     
   530.00000000000000       0.14185249641666431      -0.68506223081070705     
   535.00000000000000        9.1629099400668587E-002 -0.69076168178098429     
   540.00000000000000        4.1325950285494982E-002 -0.69281004074843744     
   545.00000000000000       -8.7936424162528490E-003 -0.69122557443107524     
   550.00000000000000       -5.8469425075832041E-002 -0.68604538193081144     
   555.00000000000000      -0.10744553401652397      -0.67732505034684498     
   560.00000000000000      -0.15547179693418026      -0.66513821658451500     
   565.00000000000000      -0.20230499414826289      -0.64957603840469313     
   570.00000000000000      -0.24771007342352827      -0.63074657820748004     
   575.00000000000000      -0.29146131239506134      -0.60877410347084426     
   580.00000000000000      -0.33334342295068170      -0.58379830816789524     
   585.00000000000000      -0.37315259227290293      -0.55597345986373548     
   590.00000000000000      -0.41069745561561899      -0.52546747754259815     
   595.00000000000000      -0.44579999628636030      -0.49246094553658104     
   600.00000000000000      -0.47829636872108416      -0.45714606921735040     
   605.00000000000000      -0.50803764097268556      -0.41972557837040858     
   610.00000000000000      -0.53489045338435237      -0.38041158439681655     
   615.00000000000000      -0.55873759068205664      -0.33942439767871535     
   620.00000000000000      -0.57947846519435353      -0.29699131160189407     
   625.00000000000000      -0.59702950938971489      -0.25334535985042717     
   630.00000000000000      -0.61132447640924481      -0.20872405367473171     
   635.00000000000000      -0.62231464776325429      -0.16336810588508147     
   640.00000000000000      -0.62996894785120960      -0.11752014833769338     
   645.00000000000000      -0.63427396545346304       -7.1423449660167004E-002
   650.00000000000000      -0.63523388282738813       -2.5320639907711780E-002
   655.00000000000000      -0.63287031351757705        2.0547551248213856E-002
   660.00000000000000      -0.62722205045721280        6.5943536320738558E-002
   665.00000000000000      -0.61834472639319682       0.11063408547609362     
   670.00000000000000      -0.60631038910887547       0.15439150953604772     
   675.00000000000000      -0.59120699434300372       0.19699480459902918     
   680.00000000000000      -0.57313781970990352       0.23823075261233648     
   685.00000000000000      -0.55222080331157541       0.27789497250306072     
   690.00000000000000      -0.52858781109601249       0.31579291677648835     
   695.00000000000000      -0.50238383735538938       0.35174080881605901     
   700.00000000000000      -0.47376614307160003       0.38556651646651646     
   705.00000000000000      -0.44290333710334034       0.41711035784973272     
   710.00000000000000      -0.40997440546732877       0.44622583574871766     
   715.00000000000000      -0.37516769419516477       0.47278029729739945     
   720.00000000000000      -0.33867985144582541       0.49665551612963715     
   725.00000000000000      -0.30071473472106297       0.51774819456834253     
   730.00000000000000      -0.26148228916639443       0.53597038387220863     
   735.00000000000000      -0.22119740304350227       0.55124982100101849     
   740.00000000000000      -0.18007874653041117       0.56353018080848927     
   745.00000000000000      -0.13834760004366806       0.57277124302168059     
   750.00000000000000       -9.6226678281988859E-002  0.57894897381584864     
   755.00000000000000       -5.3938956163679608E-002  0.58205552224087531     
   760.00000000000000       -1.1706502770988208E-002  0.58209913219773701     
   765.00000000000000        3.0250670676031731E-002  0.57910397109865841     
   770.00000000000000        7.1715742914849723E-002  0.57310987677037306     
   775.00000000000000       0.11247618905479839       0.56417202457415672     
   780.00000000000000       0.15232485574015744       0.55236051711695766     
   785.00000000000000       0.19106099969926818       0.53775989931298851     
   790.00000000000000       0.22849128455084355       0.52046860192274413     
   795.00000000000000       0.26443073099742570       0.50059831704474289     
   800.00000000000000       0.29870361581807647       0.47827330936270823     
   805.00000000000000       0.33114431537621675       0.45362966725587950     
   810.00000000000000       0.36159808968229623       0.42681449816123346     
   815.00000000000000       0.38992180339282867       0.39798507283234963     
   820.00000000000000       0.41598458048533843       0.36730792336932672     
   825.00000000000000       0.43966838972093797       0.33495790009655246     
   830.00000000000000       0.46086855839054042       0.30111719253942665     
   835.00000000000000       0.47949421223499428       0.26597431989662279     
   840.00000000000000       0.49546863983157841       0.22972309652065889     
   845.00000000000000       0.50872958014716441       0.19256157800600901     
   850.00000000000000       0.51922943236973718       0.15469099354055665     
   855.00000000000000       0.52693538754271352       0.11631467020278140     
   860.00000000000000       0.53182948193844803        7.7636954883793116E-002
   865.00000000000000       0.53390857251628998        3.8862139480438207E-002
   870.00000000000000       0.53318423521449787        1.9339494360730920E-004
   875.00000000000000       0.52968258722210049       -3.8168280324876028E-002
   880.00000000000000       0.52344403476445334       -7.6025092352097368E-002
   885.00000000000000       0.51452294831278933      -0.11318345852173692     
   890.00000000000000       0.50298726749165645      -0.14945498449264011     
   895.00000000000000       0.48891803830694019      -0.18465740624826618     
   900.00000000000000       0.47240888564953165      -0.21861549263775606     
   905.00000000000000       0.45356542434396674      -0.25116190401256144     
   910.00000000000000       0.43250461230608034      -0.28213800282678941     
   915.00000000000000       0.40935404964746780      -0.31139461235307775     
   920.00000000000000       0.38425122781609300      -0.33879271996731480     
   925.00000000000000       0.35734273309057935      -0.36420412177311673     
   930.00000000000000       0.32878340894955727      -0.38751200566889232     
   935.00000000000000       0.29873548201605959      -0.40861147030473516     
   940.00000000000000       0.26736765642961952      -0.42740997773135087     
   945.00000000000000       0.23485418162484389      -0.44382773790685481     
   950.00000000000000       0.20137389859435334      -0.45779802359756611     
   955.00000000000000       0.16710926978581911      -0.46926741458391263     
   960.00000000000000       0.13224539782720085      -0.47819597046023815     
   965.00000000000000        9.6969038291206483E-002 -0.48455733169568843     
   970.00000000000000        6.1467611699573772E-002 -0.48833874900045132     
   975.00000000000000        2.5928219930293553E-002 -0.48954104141549976     
   980.00000000000000       -9.4633278732376130E-003 -0.48817848391268243     
   985.00000000000000       -4.4523474882382459E-002 -0.48427862565367624     
   990.00000000000000       -7.9071856759653669E-002 -0.47788204040908844     
   995.00000000000000      -0.11293221767851494      -0.46904201098113785     
   1000.0000000000000      -0.14593329759774554      -0.45782414980312380     
   1005.0000000000000      -0.17790968638813456      -0.44430595820471419     
   1010.0000000000000      -0.20870264061737470      -0.42857632713238369     
   1015.0000000000000      -0.23816085902736303      -0.41073498239769135     
   1020.0000000000000      -0.26614121298533294      -0.39089187779114010     
   1025.0000000000000      -0.29250942845489919      -0.36916653964489038     
   1030.0000000000000      -0.31714071631367458      -0.34568736665245670     
   1035.0000000000000      -0.33992034813901684      -0.32059088895671628     
   1040.0000000000000      -0.36074417489105093      -0.29402099069819237     
   1045.0000000000000      -0.37951908624064568      -0.26612810037289725     
   1050.0000000000000      -0.39616340861779969      -0.23706835348237632     
   1055.0000000000000      -0.41060724039108110      -0.20700273206750472     
   1060.0000000000000      -0.42279272292959030      -0.17609618580164524     
   1065.0000000000000      -0.43267424664353960      -0.14451673937777970     
   1070.0000000000000      -0.44021859144613362      -0.11243459095802966     
   1075.0000000000000      -0.44540500142618272       -8.0021206462633512E-002
   1080.0000000000000      -0.44822519386595394       -4.7448414459096956E-002
   1085.0000000000000      -0.44868330308039267       -1.4887506371159851E-002
   1090.0000000000000      -0.44679575989026776        1.7491653338155482E-002
   1095.0000000000000      -0.44259110787128431        4.9521502444302451E-002
   1100.0000000000000      -0.43610975784212375        8.1037637246931624E-002
   1105.0000000000000      -0.42740368236508330       0.11187964554535094     
   1110.0000000000000      -0.41653605233196783       0.14189191214158328     
   1115.0000000000000      -0.40358081799367218       0.17092439288544745     
   1120.0000000000000      -0.38862223706308097       0.19883335347204972     
   1125.0000000000000      -0.37175435277622404       0.22548206941625401     
   1130.0000000000000      -0.35308042503483217       0.25074148385983641     
   1135.0000000000000      -0.33271231797345929       0.27449082011378095     
   1140.0000000000000      -0.31076984749514203       0.29661814609912640     
   1145.0000000000000      -0.28738009250027835       0.31702088812345158     
   1150.0000000000000      -0.26267667369324099       0.33560629171496975     
   1155.0000000000000      -0.23679900398951589       0.35229182753069094     
   1160.0000000000000      -0.20989151466234160       0.36700554065761981     
   1165.0000000000000      -0.18210286146146995       0.37968634193482498     
   1170.0000000000000      -0.15358511500748481       0.39028424023778158     
   1175.0000000000000      -0.12449293981289650       0.39876051498298426     
   1180.0000000000000       -9.4982766305921465E-002  0.40508782842877816     
   1185.0000000000000       -6.5211960234511548E-002  0.40925027766597238     
   1190.0000000000000       -3.5337993806986330E-002  0.41124338650745912     
   1195.0000000000000       -5.5176228818439223E-003  0.41107403779810003     
   1200.0000000000000        2.4093925546614759E-002  0.40876034697297370     
   1205.0000000000000        5.3343751407794841E-002  0.40433147799215347     
   1210.0000000000000        8.2082061108988594E-002  0.39782740307196529     
   1215.0000000000000       0.11016292466263619       0.38929860791472987     
   1220.0000000000000       0.13744500661338777       0.37880574440991344     
   1225.0000000000000       0.16379226715851011       0.36641923303807084     
   1230.0000000000000       0.18907463003950592       0.35221881745372591     
   1235.0000000000000       0.21316861398352574       0.33629307395320718     
   1240.0000000000000       0.23595792468908425       0.31873887874738743     
   1245.0000000000000       0.25733400458048644       0.29966083615625377     
   1250.0000000000000       0.27719653779792808       0.27917067102136961     
   1255.0000000000000       0.29545390814406952       0.25738658879279874     
   1260.0000000000000       0.31202360797160383       0.23443260688825437     
   1265.0000000000000       0.32683259626847211       0.21043786104350490     
   1270.0000000000000       0.33981760447644288       0.18553589047398292     
   1275.0000000000000       0.35092538886326313       0.15986390574769715     
   1280.0000000000000       0.36011292855695970       0.13356204332871291     
   1285.0000000000000       0.36734756864160445       0.10677261078849239     
   1290.0000000000000       0.37260710800540364        7.9639326699244242E-002
   1295.0000000000000       0.37587983192281871        5.2306559219203019E-002
   1300.0000000000000       0.37716448964103566        2.4918567354634154E-002
   1305.0000000000000       0.37647021752601567       -2.3812511623661986E-003
   1310.0000000000000       0.37381640860309406       -2.9451101507127004E-002
   1315.0000000000000       0.36923252960024788       -5.6151519119178386E-002
   1320.0000000000000       0.36275788686734567       -8.2346079099712297E-002
   1325.0000000000000       0.35444134280059547      -0.10790208408998227     
   1330.0000000000000       0.34434098464678436      -0.13269122721158477     
   1335.0000000000000       0.33252374779551941      -0.15659022680698276     
   1340.0000000000000       0.31906499588844606      -0.17948142989181318     
   1345.0000000000000       0.30404806028126069      -0.20125338141844989     
   1350.0000000000000       0.28756374158629783      -0.22180135665186057     
   1355.0000000000000       0.26970977619966169      -0.24102785417284725     
   1360.0000000000000       0.25059027087650587      -0.25884304724907320     
   1365.0000000000000       0.23031510856042581      -0.27516519154959646     
   1370.0000000000000       0.20899932879743507      -0.28992098742263167     
   1375.0000000000000       0.18676248617111271      -0.30304589520761926     
   1380.0000000000000       0.16372799028285034      -0.31448440231000840     
   1385.0000000000000       0.14002243086937577      -0.32419024102907945     
   1390.0000000000000       0.11577489169868443      -0.33212655639423300     
   1395.0000000000000        9.1116256915070720E-002 -0.33826602353204888     
   1400.0000000000000        6.6178513514112081E-002 -0.34259091435365296     
   1405.0000000000000        4.1094053619330086E-002 -0.34509311361815337     
   1410.0000000000000        1.5994980204029272E-002 -0.34577408469169213     
   1415.0000000000000       -8.9875801452019635E-003 -0.34464478558169653     
   1420.0000000000000       -3.3724153892258073E-002 -0.34172553608084000     
   1425.0000000000000       -5.8087583194804761E-002 -0.33704583710377167     
   1430.0000000000000       -8.1953671179999715E-002 -0.33064414354057481     
   1435.0000000000000      -0.10520180662288062      -0.32256759218300429     
   1440.0000000000000      -0.12771556493090586      -0.31287168650165303     
   1445.0000000000000      -0.14938328248648131      -0.30161994026325822     
   1450.0000000000000      -0.17009860156186465      -0.28888348217634985     
   1455.0000000000000      -0.18976098319663909      -0.27474062393942561     
   1460.0000000000000      -0.20827618561597025      -0.25927639423795013     
   1465.0000000000000      -0.22555670596702787      -0.24258204139392089     
   1470.0000000000000      -0.24152218336013062      -0.22475450751382225     
   1475.0000000000000      -0.25609976141919827      -0.20589587710688639     
   1480.0000000000000      -0.26922440877175058      -0.18611280325515192     
   1485.0000000000000      -0.28083919614074321      -0.16551591450943157     
   1490.0000000000000      -0.29089552893772092      -0.14421920576061228     
   1495.0000000000000      -0.29935333449780405      -0.12233941639346073     
   1500.0000000000000      -0.30618120334063437       -9.9995399070138519E-002
   1505.0000000000000      -0.31135648408627964       -7.7307482512866288E-002
   1510.0000000000000      -0.31486533189996824       -5.4396831659651430E-002
   1515.0000000000000      -0.31670271058308980       -3.1384808553819955E-002
   1520.0000000000000      -0.31687234866892039       -8.3923372974823666E-003
   1525.0000000000000      -0.31538665011875228        1.4460723648684727E-002
   1530.0000000000000      -0.31226656044634143        3.7056198601461400E-002
   1535.0000000000000      -0.30754138932463249        5.9278198089815645E-002
   1540.0000000000000      -0.30124859094747780        8.1013705547762119E-002
   1545.0000000000000      -0.29343350362943332       0.10215314433638369     
   1550.0000000000000      -0.28414905032765547       0.12259092229206785     
   1555.0000000000000      -0.27345540196048818       0.14222595113765149     
   1560.0000000000000      -0.26141960557657740       0.16096213824559882     
   1565.0000000000000      -0.24811517959545260       0.17870884840666088     
   1570.0000000000000      -0.23362167849470228       0.19538133343272382     
   1575.0000000000000      -0.21802422945941735       0.21090112760775653     
   1580.0000000000000      -0.20141304363588167       0.22519640719485159     
   1585.0000000000000      -0.18388290474299668       0.23820231240925574     
   1590.0000000000000      -0.16553263789116973       0.24986123047587100     
   1595.0000000000000      -0.14646456153899984       0.26012303860384406     
   1600.0000000000000      -0.12678392558276103       0.26894530592938781     
   1605.0000000000000      -0.10659833862219908       0.27629345369971231     
   1610.0000000000000       -8.6017187478403118E-002  0.28214087319470482     
   1615.0000000000000       -6.5151052055444997E-002  0.28646900110761292     
   1620.0000000000000       -4.4111118637148741E-002  0.28926735233024792     
   1625.0000000000000       -2.3008594693885519E-002  0.29053351031100799     
   1630.0000000000000       -1.9541282419066881E-003  0.29027307537412589     
   1635.0000000000000        1.8942765250281043E-002  0.28849957160489270     
   1640.0000000000000        3.9574265477248731E-002  0.28523431311705327     
   1645.0000000000000        5.9834796580488889E-002  0.28050623072408915     
   1650.0000000000000        7.9621560339894024E-002  0.27435166023463553     
   1655.0000000000000        9.8835050617992623E-002  0.26681409378287124     
   1660.0000000000000       0.11737954652107567       0.25794389578642402     
   1665.0000000000000       0.13516358187264521       0.24779798529627603     
   1670.0000000000000       0.15210038873742204       0.23643948666452494     
   1675.0000000000000       0.16810831288761852       0.22393735060586978     
   1680.0000000000000       0.18311119926643973       0.21036594786669996     
   1685.0000000000000       0.19703874567587754       0.19580463784099231     
   1690.0000000000000       0.20982682309585293       0.18033731458436056     
   1695.0000000000000       0.22141776122862888       0.16405193277603838     
   1700.0000000000000       0.23176059805513505       0.14704001626292812     
   1705.0000000000000       0.24081129238736262       0.12939615188977080     
   1710.0000000000000       0.24853289860223113       0.11121747137475343     
   1715.0000000000000       0.25489570294622454        9.2603124030273917E-002
   1720.0000000000000       0.25987732100554772        7.3653743154066656E-002
   1725.0000000000000       0.26346275614249004        5.4470908926415068E-002
   1730.0000000000000       0.26564441890401569        3.5156610644817454E-002
   1735.0000000000000       0.26642210761227009        1.5812711108371121E-002
   1740.0000000000000       0.26580295054763176       -3.4595840694923801E-003
   1745.0000000000000       0.26380131033215470       -2.2560249489153809E-002
   1750.0000000000000       0.26043865131369448       -4.1390952664805893E-002
   1755.0000000000000       0.25574337093777016       -5.9855553802455858E-002
   1760.0000000000000       0.24975059627431437       -7.7860590150199110E-002
   1765.0000000000000       0.24250194703905292       -9.5315742515527380E-002
   1770.0000000000000       0.23404526661345978      -0.11213428165668402     
   1775.0000000000000       0.22443432272229569      -0.12823349237840326     
   1780.0000000000000       0.21372847957289190      -0.14353507329603499     
   1785.0000000000000       0.20199234339492883      -0.15796551037528553     
   1790.0000000000000       0.18929538344285068      -0.17145642250677182     
   1795.0000000000000       0.17571153063470427      -0.18394487753442695     
   1800.0000000000000       0.16131875610059901      -0.19537367732361752     
   1805.0000000000000       0.14619863200073868      -0.20569161062770333     
   1810.0000000000000       0.13043587704671539      -0.21485367268974737     
   1815.0000000000000       0.11411788922021146      -0.22282125069818778     
   1820.0000000000000        9.7334268230202359E-002 -0.22956227440053756     
   1825.0000000000000        8.0176330283071709E-002 -0.23505133136659159     
   1830.0000000000000        6.2736617759655000E-002 -0.23926974658118924     
   1835.0000000000000        4.5108406399145387E-002 -0.24220562623532152     
   1840.0000000000000        2.7385212582090750E-002 -0.24385386577229226     
   1845.0000000000000        9.6603032835361046E-003 -0.24421612243176835     
   1850.0000000000000       -7.9737887670577115E-003 -0.24330075271793147     
   1855.0000000000000       -2.5425742229880668E-002 -0.24112271539763216     
   1860.0000000000000       -4.2605914173592468E-002 -0.23770344080954489     
   1865.0000000000000       -5.9426794611870039E-002 -0.23307066743494365     
   1870.0000000000000       -7.5803446284595205E-002 -0.22725824684403140     
   1875.0000000000000       -9.1653927505726734E-002 -0.22030591828794632     
   1880.0000000000000      -0.10689969600564221      -0.21225905435489323     
   1885.0000000000000      -0.12146599181145262      -0.20316837924857789     
   1890.0000000000000      -0.13528219733379759      -0.19308966137761305     
   1895.0000000000000      -0.14828217296219995      -0.18208338206519634     
   1900.0000000000000      -0.16040456661242627      -0.17021438229858835     
   1905.0000000000000      -0.17159309581766730      -0.15755148953725112     
   1910.0000000000000      -0.18179680110988630      -0.14416712668650594     
   1915.0000000000000      -0.19097026959753061      -0.13013690541987355     
   1920.0000000000000      -0.19907382781008404      -0.11553920609755745     
   1925.0000000000000      -0.20607370304776459      -0.10045474658058749     
   1930.0000000000000      -0.21194215264513275       -8.4966142279777834E-002
   1935.0000000000000      -0.21665756072957135       -6.9157459805766611E-002
   1940.0000000000000      -0.22020450222860127       -5.3113766600948346E-002
   1945.0000000000000      -0.22257377405291146       -3.6920678936112790E-002
   1950.0000000000000      -0.22376239355389874       -2.0663910644152114E-002
   1955.0000000000000      -0.22377356452453931       -4.4288249404465111E-003
   1960.0000000000000      -0.22261661117969361        1.1700008355296047E-002
   1965.0000000000000      -0.22030688071560237        2.7639247927609478E-002
   1970.0000000000000      -0.21686561520756434        4.3307206194219315E-002
   1975.0000000000000      -0.21231979375878485        5.8624262514522379E-002
   1980.0000000000000      -0.20670194596138425        7.3513262316549408E-002
   1985.0000000000000      -0.20004993787185160        8.7899900171288459E-002
   1990.0000000000000      -0.19240673183710841       0.10171308494274471     
   1995.0000000000000      -0.18382012163319530       0.11488528525058474     
   2000.0000000000000      -0.17434244449580630       0.12735285359902745     
   2005.0000000000000      -0.16403027172992748       0.13905632765011802     
   2010.0000000000000      -0.15294407968420481       0.14994070725094788     
   2015.0000000000000      -0.14114790296392501       0.15995570596202141     
   2020.0000000000000      -0.12870897183427549       0.16905597597705169     
   2025.0000000000000      -0.11569733583251389       0.17720130547219437     
   2030.0000000000000      -0.10218547566358256       0.18435678757431270     
   2035.0000000000000       -8.8247905498327034E-002  0.19049296029245799     
   2040.0000000000000       -7.3960767826687826E-002  0.19558591691354416     
   2045.0000000000000       -5.9401423039943904E-002  0.19961738652133834     
   2050.0000000000000       -4.4648035926275406E-002  0.20257478445655400     
   2055.0000000000000       -2.9779161262618918E-002  0.20445123269418330     
   2060.0000000000000       -1.4873330673110996E-002  0.20524555027142083     
   2065.0000000000000       -8.6429005105133285E-006  0.20496221405479489     
   2070.0000000000000        1.4737640397928558E-002  0.20361129028764210     
   2075.0000000000000        2.9289491264323213E-002  0.20120833750806749     
   2080.0000000000000        4.3572502454036210E-002  0.19777428157226562     
   2085.0000000000000        5.7514262905953399E-002  0.19333526365782319     
   2090.0000000000000        7.1044719801299533E-002  0.18792246225569653     
   2095.0000000000000        8.4096525428016086E-002  0.18157189028728415     
   2100.0000000000000        9.6605367161243877E-002  0.17432416860380515     
   2105.0000000000000       0.10851027897204427       0.16622427723844918     
   2110.0000000000000       0.11975393298556383       0.15732128588697211     
   2115.0000000000000       0.13028290972576601       0.14766806518906925     
   2120.0000000000000       0.14004794580596541       0.13732098047054800     
   2125.0000000000000       0.14900415795201336       0.12633956968463919     
   2130.0000000000000       0.15711124237738888       0.11478620735941511     
   2135.0000000000000       0.16433364866592401       0.10272575641692384     
   2140.0000000000000       0.17064072745767855        9.0225209778090579E-002
   2145.0000000000000       0.17600685137583677        7.7353323705501464E-002
   2150.0000000000000       0.18041150877665177        6.4180244863753871E-002
   2155.0000000000000       0.18383937004964732        5.0777133094075499E-002
   2160.0000000000000       0.18628032634074396        3.7215781906374083E-002
   2165.0000000000000       0.18772950071593364        2.3568238687831377E-002
   2170.0000000000000       0.18818723192683989        9.9064266127053321E-003
   2175.0000000000000       0.18765903108122448       -3.6982297866915439E-003
   2180.0000000000000       0.18615551166051719       -1.7175173462596411E-002
   2185.0000000000000       0.18369229346204172       -3.0455076227244002E-002
   2190.0000000000000       0.18028988117511266       -4.3470190834381466E-002
   2195.0000000000000       0.17597351842693595       -5.6154692003142374E-002
   2200.0000000000000       0.17077301825561911       -6.8445004692343853E-002
   2205.0000000000000       0.16472257108301644       -8.0280118013302051E-002
   2210.0000000000000       0.15786053136903030       -9.1601883257069597E-002
   2215.0000000000000       0.15022918423085108      -0.10235529460705942     
   2220.0000000000000       0.14187449340496638      -0.11248875120978762     
   2225.0000000000000       0.13284583201617894      -0.12195429938434574     
   2230.0000000000000       0.12319569769594640      -0.13070785386460354     
   2235.0000000000000       0.11297941366175672      -0.13870939708639671     
   2240.0000000000000       0.10225481742969225      -0.14592315565442601     
   2245.0000000000000        9.1081938883560726E-002 -0.15231775324960492     
   2250.0000000000000        7.9522669465793672E-002 -0.15786633936645450     
   2255.0000000000000        6.7640424287590054E-002 -0.16254669340117422     
   2260.0000000000000        5.5499798978419043E-002 -0.16634130374349407     
   2265.0000000000000        4.3166223107950041E-002 -0.16923742165865621     
   2270.0000000000000        3.0705612016763504E-002 -0.17122708987916069     
   2275.0000000000000        1.8184018885868396E-002 -0.17230714595856050     
   2280.0000000000000        5.6672888592227307E-003 -0.17247920057091012     
   2285.0000000000000       -6.7792829917185009E-003 -0.17174959106878412     
   2290.0000000000000       -1.9091288106714122E-002 -0.17012931073943169     
   2295.0000000000000       -3.1205533567188328E-002 -0.16763391432198099     
   2300.0000000000000       -4.3060362258690171E-002 -0.16428340046803167     
   2305.0000000000000       -5.4595962465664449E-002 -0.16010207194288431     
   2310.0000000000000       -6.5754665366744749E-002 -0.15511837447449220     
   2315.0000000000000       -7.6481228974141641E-002 -0.14936471526144471     
   2320.0000000000000       -8.6723107143062597E-002 -0.14287726224940708     
   2325.0000000000000       -9.6430702365979198E-002 -0.13569572537698463     
   2330.0000000000000      -0.10555760116143771      -0.12786312107652287     
   2335.0000000000000      -0.11406079096744512      -0.11942552139251840     
   2340.0000000000000      -0.12190085755468844      -0.11043178914974465     
   2345.0000000000000      -0.12904216208437486      -0.10093330066460657     
   2350.0000000000000      -0.13545299704870162       -9.0983657546352986E-002
   2355.0000000000000      -0.14110572044826478       -8.0638389179402678E-002
   2360.0000000000000      -0.14597686767945831       -6.9954647514000101E-002
   2365.0000000000000      -0.15004724072546005       -5.8990895819599751E-002
   2370.0000000000000      -0.15330197436611023       -4.7806593073706750E-002
   2375.0000000000000      -0.15573057924421013       -3.6461875668355334E-002
   2380.0000000000000      -0.15732696174786898       -2.5017238117001583E-002
   2385.0000000000000      -0.15808942078985747       -1.3533214436417368E-002
   2390.0000000000000      -0.15802062168487876       -2.0700618613029151E-003
   2395.0000000000000      -0.15712754744360341        9.3125514760486524E-003
   2400.0000000000000      -0.15542142791765640        2.0555853302405815E-002
   2405.0000000000000      -0.15291764734189439        3.1602266839722969E-002
   2410.0000000000000      -0.14963563092871715        4.2395701813457816E-002
   2415.0000000000000      -0.14559871127328536        5.2881835382850899E-002
   2420.0000000000000      -0.14083397542784754        6.3008381607097069E-002
   2425.0000000000000      -0.13537209359744509        7.2725348132223061E-002
   2430.0000000000000      -0.12924713049760522        8.1985278860669239E-002
   2435.0000000000000      -0.12249634049684177        9.0743481448606264E-002
   2440.0000000000000      -0.11515994774247169        9.8958238564413839E-002
   2445.0000000000000      -0.10728091253709111       0.10659100193501216     
   2450.0000000000000       -9.8904685294721364E-002  0.11360656830433305     
   2455.0000000000000       -9.0078949459877475E-002  0.11997323652961096     
   2460.0000000000000       -8.0853354819397816E-002  0.12566294514579882     
   2465.0000000000000       -7.1279242675628574E-002  0.13065138983570049     
   2470.0000000000000       -6.1409364380334695E-002  0.13491812035278208     
   2475.0000000000000       -5.1297594751416251E-002  0.13844661655448173     
   2480.0000000000000       -4.0998641909092283E-002  0.14122434331560538     
   2485.0000000000000       -3.0567755074656089E-002  0.14324278420347034     
   2490.0000000000000       -2.0060431873246898E-002  0.14449745390825855     
   2495.0000000000000       -9.5321266723870299E-003  0.14498788953298689     
   2500.0000000000000        9.6203852957740116E-004  0.14471762095701518     
   2505.0000000000000        1.1367559176370163E-002  0.14369412059454023     
   2510.0000000000000        2.1630827732194383E-002  0.14192873297451286     
   2515.0000000000000        3.1699406350119988E-002  0.13943658467034573     
   2520.0000000000000        4.1522291262258863E-002  0.13623647520613491     
   2525.0000000000000        5.1050167577650664E-002  0.13235074966042526     
   2530.0000000000000        6.0235653234321562E-002  0.12780515377833396     
   2535.0000000000000        6.9033530918580333E-002  0.12262867248769055     
   2540.0000000000000        7.7400966836880747E-002  0.11685335279433783     
   2545.0000000000000        8.5297715303088689E-002  0.11051411210550673     
   2550.0000000000000        9.2686308186295627E-002  0.10364853309787959     
   2555.0000000000000        9.9532228350953086E-002   9.6296646308291767E-002
   2560.0000000000000       0.10580406631157674        8.8500701679720198E-002
   2565.0000000000000       0.11147365941808202        8.0304930343034694E-002
   2570.0000000000000       0.11651621298444678        7.1755297955750821E-002
   2575.0000000000000       0.12091040287232947        6.2899250952564822E-002
   2580.0000000000000       0.12463845914196101        5.3785457088655564E-002
   2585.0000000000000       0.12768623048454208        4.4463541675521488E-002
   2590.0000000000000       0.13004322925296996        3.4983820920452671E-002
   2595.0000000000000       0.13170265701044942        2.5397033784610626E-002
   2600.0000000000000       0.13266141061887524        1.5754073771146092E-002
   2605.0000000000000       0.13292006899027556        6.1057220439030991E-003
   2610.0000000000000       0.13248286072455676       -3.4976167408477719E-003
   2615.0000000000000       0.13135761295477943       -1.3006174532381572E-002
   2620.0000000000000       0.12955568181672794       -2.2371074587992236E-002
   2625.0000000000000       0.12709186505212866       -3.1544579493485596E-002
   2630.0000000000000       0.12398429734407318       -4.0480331260340098E-002
   2635.0000000000000       0.12025432906856463       -4.9133582309432593E-002
   2640.0000000000000       0.11592638922721882       -5.7461416208279610E-002
   2645.0000000000000       0.11102783340262656       -6.5422957091256631E-002
   2650.0000000000000       0.10558877764935395       -7.2979566759860920E-002
   2655.0000000000000        9.9641919299696124E-002  -8.0095028532380749E-002
   2660.0000000000000        9.3222345723797673E-002  -8.6735716988916120E-002
   2665.0000000000000        8.6367332138344008E-002  -9.2870752838121615E-002
   2670.0000000000000        7.9116129606473559E-002  -9.8472142215869002E-002
   2675.0000000000000        7.1509744413651558E-002 -0.10351489981278361     
   2680.0000000000000        6.3590710039824055E-002 -0.10797715531682389     
   2685.0000000000000        5.5402852977088961E-002 -0.11184024274825748     
   2690.0000000000000        4.6991053664293382E-002 -0.11508877235705313     
   2695.0000000000000        3.8401003825321911E-002 -0.11771068484635558     
   2700.0000000000000        2.9678961506359569E-002 -0.11969728777984703     
   2705.0000000000000        2.0871505109102011E-002 -0.12104327412492780     
   2710.0000000000000        1.2025287711791314E-002 -0.12174672297727582     
   2715.0000000000000        3.1867929581593244E-003 -0.12180908260499217     
   2720.0000000000000       -5.5979062240239926E-003 -0.12123513604172399     
   2725.0000000000000       -1.4283384837923567E-002 -0.12003294954741706     
   2730.0000000000000       -2.2825097760341598E-002 -0.11821380434223921     
   2735.0000000000000       -3.1179605243485706E-002 -0.11579211210329202     
   2740.0000000000000       -3.9304790850071374E-002 -0.11278531479458048     
   2745.0000000000000       -4.7160070744493819E-002 -0.10921376947794192     
   2750.0000000000000       -5.4706593316507457E-002 -0.10510061882586688     
   2755.0000000000000       -6.1907428172468477E-002 -0.10047164812603525     
   2760.0000000000000       -6.8727743592384510E-002  -9.5355129631603475E-002
   2765.0000000000000       -7.5134971618405710E-002  -8.9781655170527344E-002
   2770.0000000000000       -8.1098960011600163E-002  -8.3783957981210591E-002
   2775.0000000000000       -8.6592110388483107E-002  -7.7396724790297203E-002
   2780.0000000000000       -9.1589501926391995E-002  -7.0656399191265304E-002
   2785.0000000000000       -9.6069000106996122E-002  -6.3600977419449839E-002
   2790.0000000000000      -0.10001135004955226       -5.6269797650081513E-002
   2795.0000000000000      -0.10340025406953217       -4.8703323970758418E-002
   2800.0000000000000      -0.10622243318348620       -4.0942926198390704E-002
   2805.0000000000000      -0.10846767236703074       -3.3030656723025610E-002
   2810.0000000000000      -0.11012884945918822       -2.5009025567056722E-002
   2815.0000000000000      -0.11120194769252260       -1.6920774848166259E-002
   2820.0000000000000      -0.11168605191414353       -8.8086538279919767E-003
   2825.0000000000000      -0.11158332864726531       -7.1519571603415196E-004
   2830.0000000000000      -0.11089899022615950        7.3175026201629020E-003
   2835.0000000000000      -0.10964124331861910        1.5247996911862311E-002
   2840.0000000000000      -0.10782122222904078        2.3035706616355841E-002
   2845.0000000000000      -0.10545290745153983        3.0641119853405424E-002
   2850.0000000000000      -0.10255303001576423        3.8025991130525523E-002
   2855.0000000000000       -9.9140962237905958E-002   4.5153530882498120E-002
   2860.0000000000000       -9.5238595555489872E-002   5.1988585901005614E-002
   2865.0000000000000       -9.0870206186531424E-002   5.8497809785181813E-002
   2870.0000000000000       -8.6062309411306187E-002   6.4649822602895313E-002
   2875.0000000000000       -8.0843503328000818E-002   7.0415359015352980E-002
   2880.0000000000000       -7.5244302981674685E-002   7.5767404183784456E-002
   2885.0000000000000       -6.9296965809043015E-002   8.0681316846171650E-002
   2890.0000000000000       -6.3035309379410681E-002   8.5134939023833567E-002
   2895.0000000000000       -5.6494522444486835E-002   8.9108691891768441E-002
   2900.0000000000000       -4.9710970336664856E-002   9.2585657422591477E-002
   2905.0000000000000       -4.2721995776569155E-002   9.5551645491273277E-002
   2910.0000000000000       -3.5565716166178533E-002   9.7995246206266692E-002
   2915.0000000000000       -2.8280818453604164E-002   9.9907867311592416E-002
   2920.0000000000000       -2.0906352659620948E-002  0.10128375658361718     
   2925.0000000000000       -1.3481525154349487E-002  0.10212000922518956     
   2930.0000000000000       -6.0454927651175964E-003  0.10241656033808727     
   2935.0000000000000        1.3628412164227084E-003  0.10217616263197149     
   2940.0000000000000        8.7050280782712784E-003  0.10140434960384385     
   2945.0000000000000        1.5943270757254276E-002  0.10010938449597859     
   2950.0000000000000        2.3040615936424293E-002   9.8302195412078602E-002
   2955.0000000000000        2.9961140207609337E-002   9.5996297040630424E-002
   2960.0000000000000        3.6670129374686278E-002   9.3207699500760646E-002
   2965.0000000000000        4.3134250016324233E-002   8.9954804889006576E-002
   2970.0000000000000        4.9321712474368992E-002   8.6258292165005621E-002
   2975.0000000000000        5.5202424485439876E-002   8.2140991069887537E-002
   2980.0000000000000        6.0748134728384584E-002   7.7627745822874156E-002
   2985.0000000000000        6.5932565618670794E-002   7.2745269389004330E-002
   2990.0000000000000        7.0731534742250288E-002   6.7521989153800893E-002
   2995.0000000000000        7.5123064385572591E-002   6.1987884878887206E-002
   3000.0000000000000        7.9087478684886484E-002   5.6174319845889928E-002
   3005.0000000000000        8.2607487986395459E-002   5.0113866124288524E-002
   3010.0000000000000        8.5668260078839112E-002   4.3840124922088039E-002
   3015.0000000000000        8.8257478031295494E-002   3.7387542996216383E-002
   3020.0000000000000        9.0365384441042834E-002   3.0791226112331298E-002
   3025.0000000000000        9.1984811968811364E-002   2.4086750551235641E-002
   3030.0000000000000        9.3111200111308787E-002   1.7309973661351036E-002
   3035.0000000000000        9.3742598233140392E-002   1.0496844453713811E-002
   3040.0000000000000        9.3879654951790056E-002   3.6832152277957945E-003
   3045.0000000000000        9.3525594039815668E-002  -3.0953447968039339E-003
   3050.0000000000000        9.2686177077480489E-002  -9.8037328859897546E-003
   3055.0000000000000        9.1369653156342961E-002  -1.6407492300404836E-002
   3060.0000000000000        8.9586695999522403E-002  -2.2872987002331757E-002
   3065.0000000000000        8.7350328927126145E-002  -2.9167570686604753E-002
   3070.0000000000000        8.4675838155353358E-002  -3.5259749298468951E-002
   3075.0000000000000        8.1580674974793391E-002  -4.1119336241988165E-002
   3080.0000000000000        7.8084347407136948E-002  -4.6717599527102652E-002
   3085.0000000000000        7.4208301989662856E-002  -5.2027400151507100E-002
   3090.0000000000000        6.9975796383219810E-002  -5.7023321064879888E-002
   3095.0000000000000        6.5411763541776830E-002  -6.1681786117351652E-002
   3100.0000000000000        6.0542668219780452E-002  -6.5981168451145322E-002
   3105.0000000000000        5.5396356627367631E-002  -6.9901887853737077E-002
   3110.0000000000000        5.0001900072791997E-002  -7.3426496652341508E-002
   3115.0000000000000        4.4389433456120606E-002  -7.6539753792684795E-002
   3120.0000000000000        3.8589989498245700E-002  -7.9228686809549809E-002
   3125.0000000000000        3.2635329604473046E-002  -8.1482641462107749E-002
   3130.0000000000000        2.6557772272349088E-002  -8.3293318873248381E-002
   3135.0000000000000        2.0390019958958644E-002  -8.4654800078625789E-002
   3140.0000000000000        1.4164985323673154E-002  -8.5563557957607242E-002
   3145.0000000000000        7.9156177582902741E-003  -8.6018456584395622E-002
   3150.0000000000000        1.6747311077388919E-003  -8.6020738102955810E-002
   3155.0000000000000       -4.5251665288878907E-003  -8.5573997293670739E-002
   3160.0000000000000       -1.0652040045158011E-002  -8.4684144062560418E-002
   3165.0000000000000       -1.6674490772526602E-002  -8.3359354145099956E-002
   3170.0000000000000       -2.2561915301117858E-002  -8.1610008375859994E-002
   3175.0000000000000       -2.8284658883912711E-002  -7.9448620932079134E-002
   3180.0000000000000       -3.3814162666777531E-002  -7.6889757013578211E-002
   3185.0000000000000       -3.9123104025033474E-002  -7.3949940472880615E-002
   3190.0000000000000       -4.4185529328979428E-002  -7.0647551957766119E-002
   3195.0000000000000       -4.8976978505699910E-002  -6.7002718173526682E-002
   3200.0000000000000       -5.3474600812351607E-002  -6.3037192913707463E-002
   3205.0000000000000       -5.7657261286655818E-002  -5.8774230545912860E-002
   3210.0000000000000       -6.1505637393244258E-002  -5.4238452673166682E-002
   3215.0000000000000       -6.5002305439515726E-002  -4.9455708721198977E-002
   3220.0000000000000       -6.8131816391459002E-002  -4.4452931227755621E-002
   3225.0000000000000       -7.0880760778171348E-002  -3.9257986631496745E-002
   3230.0000000000000       -7.3237822433235719E-002  -3.3899522375186127E-002
   3235.0000000000000       -7.5193820881395979E-002  -2.8406811150619583E-002
   3240.0000000000000       -7.6741742239763974E-002  -2.2809593121066434E-002
   3245.0000000000000       -7.7876758563784065E-002  -1.7137916960894450E-002
   3250.0000000000000       -7.8596235629053823E-002  -1.1421980551532877E-002
   3255.0000000000000       -7.8899729200530302E-002  -5.6919721680338230E-003
   3260.0000000000000       -7.8788969900334724E-002   2.2087018715212438E-005
   3265.0000000000000       -7.8267836843993313E-002   5.6904983125174854E-003
   3270.0000000000000       -7.7342320272224957E-002   1.1284037941092158E-002
   3275.0000000000000       -7.6020473461016216E-002   1.6774105811534754E-002
   3280.0000000000000       -7.4312354246436008E-002   2.2132869824984896E-002
   3285.0000000000000       -7.2229956552169267E-002   2.7333405032605847E-002
   3290.0000000000000       -6.9787132356839851E-002   3.2349826947627537E-002
   3295.0000000000000       -6.6999504584613068E-002   3.7157418364169463E-002
   3300.0000000000000       -6.3884371446091048E-002   4.1732749072625683E-002
   3305.0000000000000       -6.0460602796944492E-002   4.6053787903335391E-002
   3310.0000000000000       -5.6748529118866235E-002   5.0100006574834675E-002
   3315.0000000000000       -5.2769823761123477E-002   5.3852474869935746E-002
   3320.0000000000000       -4.8547379111078828E-002   5.7293946711946035E-002
   3325.0000000000000       -4.4105177388411652E-002   6.0408936764245531E-002
   3330.0000000000000       -3.9468156780299309E-002   6.3183787228908911E-002
   3335.0000000000000       -3.4662073653420722E-002   6.5606724573801609E-002
   3340.0000000000000       -2.9713361593258734E-002   6.7667905972305473E-002
   3345.0000000000000       -2.4648988031758592E-002   6.9359455295246397E-002
   3350.0000000000000       -1.9496309230923037E-002   7.0675488550410198E-002
   3355.0000000000000       -1.4282924392389880E-002   7.1612128720946466E-002
   3360.0000000000000       -9.0365296614637186E-003   7.2167510009683286E-002
   3365.0000000000000       -3.7847727885009729E-003   7.2341771551617806E-002
   3370.0000000000000        1.4448907989631154E-003   7.2137040711324929E-002
   3375.0000000000000        6.6253397733238824E-003   7.1557406135459953E-002
   3380.0000000000000        1.1729925810354626E-002   7.0608880782649472E-002
   3385.0000000000000        1.6732608916853749E-002   6.9299355203610941E-002
   3390.0000000000000        2.1608088504613182E-002   6.7638541393055404E-002
   3395.0000000000000        2.6331929560434088E-002   6.5637907581580876E-002
   3400.0000000000000        3.0880683292695169E-002   6.3310604380118138E-002
   3405.0000000000000        3.5232001668745808E-002   6.0671382731342850E-002
   3410.0000000000000        3.9364745293952126E-002   5.7736504161609865E-002
   3415.0000000000000        4.3259084122354914E-002   5.4523643863223933E-002
   3420.0000000000000        4.6896590530379159E-002   5.1051787170060856E-002
   3425.0000000000000        5.0260324328631908E-002   4.7341120019553408E-002
   3430.0000000000000        5.3334909332292180E-002   4.3412914020718951E-002
   3435.0000000000000        5.6106601157682415E-002   3.9289406771123733E-002
   3440.0000000000000        5.8563345961056897E-002   3.4993678085354293E-002
   3445.0000000000000        6.0694829885183994E-002   3.0549522813628351E-002
   3450.0000000000000        6.2492519029670353E-002   2.5981320941567635E-002
   3455.0000000000000        6.3949689811904770E-002   2.1313905670840724E-002
   3460.0000000000000        6.5061449636718505E-002   1.6572430185347337E-002
   3465.0000000000000        6.5824747844098030E-002   1.1782233808861616E-002
   3470.0000000000000        6.6238376955274819E-002   6.9687082576031746E-003
   3475.0000000000000        6.6302964287996452E-002   2.1571646851035521E-003
   3480.0000000000000        6.6020954061487808E-002  -2.6272977929568033E-003
   3485.0000000000000        6.5396580160292775E-002  -7.3599214194707040E-003
   3490.0000000000000        6.4435829773596284E-002  -1.2016416304335304E-002
   3495.0000000000000        6.3146398172528276E-002  -1.6573083482663325E-002
   3500.0000000000000        6.1537634932116919E-002  -2.1006933907938244E-002
   3505.0000000000000        5.9620481946770228E-002  -2.5295802791394966E-002
   3510.0000000000000        5.7407403628221963E-002  -2.9418458727890177E-002
   3515.0000000000000        5.4912309712582784E-002  -3.3354707080199865E-002
   3520.0000000000000        5.2150471138316862E-002  -3.7085487127858835E-002
   3525.0000000000000        4.9138429489451955E-002  -4.0592962523139875E-002
   3530.0000000000000        4.5893900527979370E-002  -4.3860604635349798E-002
   3535.0000000000000        4.2435672366078189E-002  -4.6873268405078300E-002
   3540.0000000000000        3.8783498852388722E-002  -4.9617260372146151E-002
   3545.0000000000000        3.4957988766966423E-002  -5.2080398584530008E-002
   3550.0000000000000        3.0980491436685329E-002  -5.4252064140252632E-002
   3555.0000000000000        2.6872979396671152E-002  -5.6123244159877260E-002
   3560.0000000000000        2.2657928733776721E-002  -5.7686566033586996E-002
   3565.0000000000000        1.8358197755144093E-002  -5.8936322833617959E-002
   3570.0000000000000        1.3996904628516159E-002  -5.9868489829799303E-002
   3575.0000000000000        9.5973046411744912E-003  -6.0480732092888720E-002
   3580.0000000000000        5.1826677212164921E-003  -6.0772403217033401E-002
   3585.0000000000000        7.7615685838594258E-004  -6.0744535238792051E-002
   3590.0000000000000       -3.5992919481019577E-003  -6.0399819875488356E-002
   3595.0000000000000       -7.9210876002702279E-003  -5.9742581249998684E-002
   3600.0000000000000       -1.2167099072227879E-002  -5.8778740312183143E-002
   3605.0000000000000       -1.6315767261828922E-002  -5.7515771208836039E-002
   3610.0000000000000       -2.0346212965757324E-002  -5.5962649894050559E-002
   3615.0000000000000       -2.4238340445328754E-002  -5.4129795310069513E-002
   3620.0000000000000       -2.7972936077560191E-002  -5.2029003504844094E-002
   3625.0000000000000       -3.1531761615739555E-002  -4.9673375086472356E-002
   3630.0000000000000       -3.4897641615655672E-002  -4.7077236446280195E-002
   3635.0000000000000       -3.8054544617639179E-002  -4.4256055211392996E-002
   3640.0000000000000       -4.0987657710423779E-002  -4.1226350414094101E-002
   3645.0000000000000       -4.3683454140362732E-002  -3.8005597888960650E-002
   3650.0000000000000       -4.6129753668517300E-002  -3.4612131429604315E-002
   3655.0000000000000       -4.8315775418358943E-002  -3.1065040254741102E-002
   3660.0000000000000       -5.0232182998074047E-002  -2.7384063348197603E-002
   3665.0000000000000       -5.1871121723504929E-002  -2.3589481249279391E-002
   3670.0000000000000       -5.3226247810380399E-002  -1.9702005878642397E-002
   3675.0000000000000       -5.4292749447453326E-002  -1.5742668990399496E-002
   3680.0000000000000       -5.5067359705246566E-002  -1.1732709843657860E-002
   3685.0000000000000       -5.5548361278085427E-002  -7.6934626860301371E-003
   3690.0000000000000       -5.5735583099741040E-002  -3.6462446379224387E-003
   3695.0000000000000       -5.5630388915105418E-002   3.8775544038205839E-004
   3700.0000000000000       -5.5235657931649647E-002   4.3875865265924794E-003
   3705.0000000000000       -5.4555757714771072E-002   8.3326428996583594E-003
   3710.0000000000000       -5.3596509530313384E-002   1.2202768944318768E-002
   3715.0000000000000       -5.2365146375346575E-002   1.5978360771088086E-002
   3720.0000000000000       -5.0870263974538081E-002   1.9640464146626679E-002
   3725.0000000000000       -4.9121765053954373E-002   2.3170868252728325E-002
   3730.0000000000000       -4.7130797236736729E-002   2.6552194817768448E-002
   3735.0000000000000       -4.4909684935642950E-002   2.9767982192246523E-002
   3740.0000000000000       -4.2471855645792776E-002   3.2802763969860191E-002
   3745.0000000000000       -3.9831761066970339E-002   3.5642141787194936E-002
   3750.0000000000000       -3.7004793508403806E-002   3.8272851968423303E-002
   3755.0000000000000       -3.4007198049957832E-002   4.0682825716193215E-002
   3760.0000000000000       -3.0855980952047599E-002   4.2861242585952981E-002
   3765.0000000000000       -2.7568814822241317E-002   4.4798577018113225E-002
   3770.0000000000000       -2.4163941059399275E-002   4.6486637740479626E-002
   3775.0000000000000       -2.0660070106257755E-002   4.7918599892100233E-002
   3780.0000000000000       -1.7076280048574758E-002   4.9089029758849517E-002
   3785.0000000000000       -1.3431914103297268E-002   4.9993902050509492E-002
   3790.0000000000000       -9.7464775396854924E-003   5.0630609688600316E-002
   3795.0000000000000       -6.0395345759559687E-003   5.0997966113548170E-002
   3800.0000000000000       -2.3306057898087981E-003   5.1096200158757960E-002
   3805.0000000000000        1.3609334257673107E-003   5.0926943577577377E-002
   3810.0000000000000        5.0159528397093964E-003   5.0493211346803561E-002
   3815.0000000000000        8.6156652837474351E-003   4.9799374907103039E-002
   3820.0000000000000        1.2141721982454709E-002   4.8851128536304474E-002
   3825.0000000000000        1.5576304835370786E-002   4.7655449085807523E-002
   3830.0000000000000        1.8902215193797818E-002   4.6220549343158147E-002
   3835.0000000000000        2.2102958696812322E-002   4.4555825315015042E-002
   3840.0000000000000        2.5162825755074579E-002   4.2671797754120742E-002
   3845.0000000000000        2.8066967297013388E-002   4.0580048281356765E-002
   3850.0000000000000        3.0801465419763852E-002   3.8293150479377279E-002
   3855.0000000000000        3.3353398616682191E-002   3.5824596357562265E-002
   3860.0000000000000        3.5710901284184436E-002   3.3188718609005970E-002
   3865.0000000000000        3.7863217242885550E-002   3.0400609098868801E-002
   3870.0000000000000        3.9800747041370835E-002   2.7476034039591417E-002
   3875.0000000000000        4.1515088845230343E-002   2.4431346322132865E-002
   3880.0000000000000        4.2999072749042799E-002   2.1283395483501756E-002
   3885.0000000000000        4.4246788384619824E-002   1.8049435799359932E-002
   3890.0000000000000        4.5253605734821782E-002   1.4747032996369924E-002
   3895.0000000000000        4.6016189098444696E-002   1.1393970082220081E-002
   3900.0000000000000        4.6532504187860889E-002   8.0081527918991115E-003
   3905.0000000000000        4.6801818377088231E-002   4.6075151468219959E-003
   3910.0000000000000        4.6824694153573085E-002   1.2099256188628077E-003
   3915.0000000000000        4.6602975862024110E-002  -2.1669056157283075E-003
   3920.0000000000000        4.6139769862942180E-002  -5.5055178571001501E-003
   3925.0000000000000        4.5439418261888694E-002  -8.7887890338026048E-003
   3930.0000000000000        4.4507466397850075E-002  -1.2000022376833747E-002
   3935.0000000000000        4.3350624310130405E-002  -1.5123030183063366E-002
   3940.0000000000000        4.1976722432886852E-002  -1.8142214254004547E-002
   3945.0000000000000        4.0394661794566841E-002  -2.1042642616558180E-002
   3950.0000000000000        3.8614359025980052E-002  -2.3810122154896717E-002
   3955.0000000000000        3.6646686505414972E-002  -2.6431266806951206E-002
   3960.0000000000000        3.4503407991976424E-002  -2.8893561004878748E-002
   3965.0000000000000        3.2197110119072087E-002  -3.1185418066267252E-002
   3970.0000000000000        2.9741130138621508E-002  -3.3296233271526983E-002
   3975.0000000000000        2.7149480323018605E-002  -3.5216431392762967E-002
   3980.0000000000000        2.4436769446081023E-002  -3.6937508470254315E-002
   3985.0000000000000        2.1618121776110090E-002  -3.8452067664317351E-002
   3990.0000000000000        1.8709094023719446E-002  -3.9753849042625695E-002
   3995.0000000000000        1.5725590694239136E-002  -4.0837753195831973E-002
   4000.0000000000000        1.2683778299244889E-002  -4.1699858607402836E-002
   4005.0000000000000        9.5999988840955227E-003  -4.2337432736771992E-002
   4010.0000000000000        6.4906833282909254E-003  -4.2748936808055291E-002
   4015.0000000000000        3.3722648730086053E-003  -4.2934024329489846E-002
   4020.0000000000000        2.6109332537077725E-004  -4.2893533401281922E-002
   4025.0000000000000       -2.8266496181211008E-003  -4.2629472901511929E-002
   4030.0000000000000       -5.8750334959143634E-003  -4.2145002670984852E-002
   4035.0000000000000       -8.8684602319791337E-003  -4.1444407848275029E-002
   4040.0000000000000       -1.1791742904772909E-002  -4.0533067535544143E-002
   4045.0000000000000       -1.4630181742421779E-002  -3.9417418003862482E-002
   4050.0000000000000       -1.7369636969547554E-002  -3.8104910673604164E-002
   4055.0000000000000       -1.9996598150588681E-002  -3.6603965130881579E-002
   4060.0000000000000       -2.2498249695579779E-002  -3.4923917464815608E-002
   4065.0000000000000       -2.4862532217047810E-002  -3.3074964232592402E-002
   4070.0000000000000       -2.7078199450819320E-002  -3.1068102379633738E-002
   4075.0000000000000       -2.9134870478977129E-002  -2.8915065460712545E-002
   4080.0000000000000       -3.1023077019812446E-002  -2.6628256524397424E-002
   4085.0000000000000       -3.2734305577240615E-002  -2.4220678037738901E-002
   4090.0000000000000       -3.4261034270634962E-002  -2.1705859240555871E-002
   4095.0000000000000       -3.5596764195226491E-002  -1.9097781328994735E-002
   4100.0000000000000       -3.6736045192960198E-002  -1.6410800876179615E-002
   4105.0000000000000       -3.7674495943831883E-002  -1.3659571903724155E-002
   4110.0000000000000       -3.8408818318091537E-002  -1.0858967021620385E-002
   4115.0000000000000       -3.8936805960131292E-002  -8.0239980555560485E-003
   4120.0000000000000       -3.9257347105217458E-002  -5.1697365800479241E-003
   4125.0000000000000       -3.9370421660319656E-002  -2.3112347729364762E-003
   4130.0000000000000       -3.9277092609981086E-002   5.3655299820158349E-004
   4135.0000000000000       -3.8979491837309969E-002   3.3588474542582251E-003
   4140.0000000000000       -3.8480800478605581E-002   6.1411201530932021E-003
   4145.0000000000000       -3.7785223957721374E-002   8.8691673251309194E-003
   4150.0000000000000       -3.6897961872873343E-002   1.1529181425896946E-002
   4155.0000000000000       -3.5825172934094283E-002   1.4107820050202577E-002
   4160.0000000000000       -3.4573935173789982E-002   1.6592271869288491E-002
   4165.0000000000000       -3.3152201675753112E-002   1.8970319270476720E-002
   4170.0000000000000       -3.1568752089428560E-002   2.1230397398645576E-002
   4175.0000000000000       -2.9833140216097238E-002   2.3361649320019877E-002
   4180.0000000000000       -2.7955637971864802E-002   2.5353977051236140E-002
   4185.0000000000000       -2.5947176048824645E-002   2.7198088220273156E-002
   4190.0000000000000       -2.3819281610437316E-002   2.8885538150498467E-002
   4195.0000000000000       -2.1584013369972437E-002   3.0408767184634807E-002
   4200.0000000000000       -1.9253894411738467E-002   3.1761133091756717E-002
   4205.0000000000000       -1.6841843123741158E-002   3.2936938427342743E-002
   4210.0000000000000       -1.4361102617332184E-002   3.3931452743788296E-002
   4215.0000000000000       -1.1825169014313871E-002   3.4740929576480617E-002
   4220.0000000000000       -9.2477189848461198E-003   3.5362618158404240E-002
   4225.0000000000000       -6.6425369203572514E-003   3.5794769844136050E-002
   4230.0000000000000       -4.0234421245042510E-003   3.6036639251856704E-002
   4235.0000000000000       -1.4042164020813428E-003   3.6088480159506907E-002
   4240.0000000000000        1.2014675793284640E-003   3.5951536218311500E-002
   4245.0000000000000        3.7801167871844652E-003   3.5628026573441808E-002
   4250.0000000000000        6.3184868224112718E-003   3.5121126507454838E-002
   4255.0000000000000        8.8036490702093455E-003   3.4434943247206709E-002
   4260.0000000000000        1.1223055667467438E-002   3.3574487099060954E-002
   4265.0000000000000        1.3564601965063672E-002   3.2545638100284650E-002
   4270.0000000000000        1.5816686178981573E-002   3.1355108396432005E-002
   4275.0000000000000        1.7968265941279989E-002   3.0010400575152470E-002
   4280.0000000000000        2.0008911480440168E-002   2.8519762206130717E-002
   4285.0000000000000        2.1928855180362521E-002   2.6892136854678426E-002
   4290.0000000000000        2.3719037288185568E-002   2.5137111852773366E-002
   4295.0000000000000        2.5371147563033544E-002   2.3264863126004402E-002
   4300.0000000000000        2.6877662680642428E-002   2.1286097387870507E-002
   4305.0000000000000        2.8231879232442227E-002   1.9211992024141620E-002
   4310.0000000000000        2.9427942181955189E-002   1.7054132999474877E-002
   4315.0000000000000        3.0460868666173983E-002   1.4824451126156093E-002
   4320.0000000000000        3.1326567054777071E-002   1.2535157040677140E-002
   4325.0000000000000        3.2021851205485237E-002   1.0198675237849952E-002
   4330.0000000000000        3.2544449879430393E-002   7.8275775142905898E-003
   4335.0000000000000        3.2893011305958293E-002   5.4345161733862588E-003
   4340.0000000000000        3.3067102911689905E-002   3.0321573422971990E-003
   4345.0000000000000        3.3067206253789998E-002   6.3311474816724912E-004
   4350.0000000000000        3.2894707222104351E-002  -1.7501157044464348E-003
   4355.0000000000000        3.2551881599008688E-002  -4.1052202198216406E-003
   4360.0000000000000        3.2041876089334217E-002  -6.4201299344958905E-003
   4365.0000000000000        3.1368684955485865E-002  -8.6830819616036461E-003
   4370.0000000000000        3.0537122414730809E-002  -1.0882678351668295E-002
   4375.0000000000000        2.9552790976505226E-002  -1.3007942678692888E-002
   4380.0000000000000        2.8422045917361732E-002  -1.5048373975108905E-002
   4385.0000000000000        2.7151956109765583E-002  -1.6993997755183517E-002
   4390.0000000000000        2.5750261438256754E-002  -1.8835413883757968E-002
   4395.0000000000000        2.4225327052447256E-002  -2.0563841065593971E-002
   4400.0000000000000        2.2586094720845974E-002  -2.2171157750034622E-002
   4405.0000000000000        2.0842031562532542E-002  -2.3649939266033978E-002
   4410.0000000000000        1.9003076445181295E-002  -2.4993491023759001E-002
   4415.0000000000000        1.7079584347818179E-002  -2.6195877640804388E-002
   4420.0000000000000        1.5082268994939620E-002  -2.7251947873464570E-002
   4425.0000000000000        1.3022144075201929E-002  -2.8157355256356112E-002
   4430.0000000000000        1.0910463362781807E-002  -2.8908574376855407E-002
   4435.0000000000000        8.7586600627021626E-003  -2.9502912734187908E-002
   4440.0000000000000        6.5782857029071471E-003  -2.9938518156451464E-002
   4445.0000000000000        4.3809488956645841E-003  -3.0214381772255688E-002
   4450.0000000000000        2.1782542889853154E-003  -3.0330336556889530E-002
   4455.0000000000000       -1.8257974798220460E-005  -3.0287051495869775E-002
   4460.0000000000000       -2.1971719813261830E-003  -3.0086021431258502E-002
   4465.0000000000000       -4.3472546421719398E-003  -2.9729552678150570E-002
   4470.0000000000000       -6.4575128715634042E-003  -2.9220744520114573E-002
   4475.0000000000000       -8.5172490547438320E-003  -2.8563466713014629E-002
   4480.0000000000000       -1.0516114532055861E-002  -2.7762333146443895E-002
   4485.0000000000000       -1.2444160835388678E-002  -2.6822671830868068E-002
   4490.0000000000000       -1.4291888427458618E-002  -2.5750491396416077E-002
   4495.0000000000000       -1.6050292709416755E-002  -2.4552444305982041E-002
   4500.0000000000000       -1.7710907078403847E-002  -2.3235787000837706E-002
   4505.0000000000000       -1.9265842833811941E-002  -2.1808337211227723E-002
   4510.0000000000000       -2.0707825749064292E-002  -2.0278428677365005E-002
   4515.0000000000000       -2.2030229144589891E-002  -1.8654863537805631E-002
   4520.0000000000000       -2.3227103317241548E-002  -1.6946862652309717E-002
   4525.0000000000000       -2.4293201201577640E-002  -1.5164014134948405E-002
   4530.0000000000000       -2.5224000159089481E-002  -1.3316220380361314E-002
   4535.0000000000000       -2.6015719812495269E-002  -1.1413643871679891E-002
   4540.0000000000000       -2.6665335863525357E-002  -9.4666520626924752E-003
   4545.0000000000000       -2.7170589854079663E-002  -7.4857616293276252E-003
   4550.0000000000000       -2.7529994852132086E-002  -5.4815823864729713E-003
   4555.0000000000000       -2.7742837065176634E-002  -3.4647611655348391E-003
   4560.0000000000000       -2.7809173405245254E-002  -1.4459259459949109E-003
   4565.0000000000000       -2.7729825050467054E-002   5.6436946944244401E-004
   4570.0000000000000       -2.7506367068677599E-002   2.5556999516635551E-003
   4575.0000000000000       -2.7141114188619676E-002   4.5178224360597104E-003
   4580.0000000000000       -2.6637102823703861E-002   6.4407279376690590E-003
   4585.0000000000000       -2.5998069472021410E-002   8.3146919300045603E-003
   4590.0000000000000       -2.5228425634231354E-002   1.0130322837643615E-002
   4595.0000000000000       -2.4333229407990587E-002   1.1878608404492209E-002
   4600.0000000000000       -2.3318153933679316E-002   1.3550959712621928E-002
   4605.0000000000000       -2.2189452881216657E-002   1.5139252640635288E-002
   4610.0000000000000       -2.0953923181693927E-002   1.6635866565561576E-002
   4615.0000000000000       -1.9618865220310540E-002   1.8033720128235092E-002
   4620.0000000000000       -1.8192040718624073E-002   1.9326303898870214E-002
   4625.0000000000000       -1.6681628544369904E-002   2.0507709797029105E-002
   4630.0000000000000       -1.5096178696025191E-002   2.1572657138280594E-002
   4635.0000000000000       -1.3444564716849452E-002   2.2516515198474391E-002
   4640.0000000000000       -1.1735934799301666E-002   2.3335322205600886E-002
   4645.0000000000000       -9.9796618454911206E-003   2.4025800688571148E-002
   4650.0000000000000       -8.1852927526512055E-003   2.4585369131830785E-002
   4655.0000000000000       -6.3624971945272181E-003   2.5012149904410936E-002
   4660.0000000000000       -4.5210161700418340E-003   2.5304973451716135E-002
   4665.0000000000000       -2.6706105896541869E-003   2.5463378757949594E-002
   4670.0000000000000       -8.2101016747703403E-004   2.5487610106479593E-002
   4675.0000000000000        1.0181371165155996E-003   2.5378610184557057E-002
   4680.0000000000000        2.8373147249400039E-003   2.5138009597505753E-002
   4685.0000000000000        4.6271861892579870E-003   2.4768112875729279E-002
   4690.0000000000000        6.3786424086437962E-003   2.4271881075521525E-002
   4695.0000000000000        8.0828473851532572E-003   2.3652911091641762E-002
   4700.0000000000000        9.7312821689306758E-003   2.2915411815839275E-002
   4705.0000000000000        1.1315786798335288E-002   2.2064177290906553E-002
   4710.0000000000000        1.2828600032048948E-002   2.1104557024330568E-002
   4715.0000000000000        1.4262396683369342E-002   2.0042423639130249E-002
   4720.0000000000000        1.5610322380921176E-002   1.8884138051952486E-002
   4725.0000000000000        1.6866025594851793E-002   1.7636512379891355E-002
   4730.0000000000000        1.8023686783133517E-002   1.6306770787745280E-002
   4735.0000000000000        1.9078044528785677E-002   1.4902508496490031E-002
   4740.0000000000000        2.0024418555565329E-002   1.3431649181584487E-002
   4745.0000000000000        2.0858729526865027E-002   1.1902400996308418E-002
   4750.0000000000000        2.1577515550106244E-002   1.0323211460634852E-002
   4755.0000000000000        2.2177945326732354E-002   8.7027214601443151E-003
   4760.0000000000000        2.2657827905891489E-002   7.0497186021854915E-003
   4765.0000000000000        2.3015619017961453E-002   5.3730901778717716E-003
   4770.0000000000000        2.3250423982110892E-002   3.6817759785798760E-003
   4775.0000000000000        2.3361997200020166E-002   1.9847212143945378E-003
   4780.0000000000000        2.3350738265607639E-002   2.9082977943947205E-004
   4785.0000000000000        2.3217684738033012E-002  -1.3910818947277051E-003
   4790.0000000000000        2.2964501642289324E-002  -3.0523301614702354E-003
   4795.0000000000000        2.2593467778264011E-002  -4.6844084271747350E-003
   4800.0000000000000        2.2107458935163415E-002  -6.2790301424352091E-003
   4805.0000000000000        2.1509928123576671E-002  -7.8281703020917828E-003
   4810.0000000000000        2.0804882952126919E-002  -9.3241052493877874E-003
   4815.0000000000000        1.9996860289550826E-002  -1.0759450589992356E-002
   4820.0000000000000        1.9090898366094369E-002  -1.2127197033049477E-002
   4825.0000000000000        1.8092506480252801E-002  -1.3420743988691910E-002
   4830.0000000000000        1.7007632488058682E-002  -1.4633930764527856E-002
   4835.0000000000000        1.5842628262284962E-002  -1.5761065217396286E-002
   4840.0000000000000        1.4604213318032815E-002  -1.6796949731114418E-002
   4845.0000000000000        1.3299436809179943E-002  -1.7736904405928632E-002
   4850.0000000000000        1.1935638107038970E-002  -1.8576787360845209E-002
   4855.0000000000000        1.0520406178291896E-002  -1.9313012065874182E-002
   4860.0000000000000        9.0615379838045480E-003  -1.9942561637384355E-002
   4865.0000000000000        7.5669961232696214E-003  -2.0463000046150995E-002
   4870.0000000000000        6.0448659527709957E-003  -2.0872480204194799E-002
   4875.0000000000000        4.5033124033037678E-003  -2.1169748913072394E-002
   4880.0000000000000        2.9505367280280850E-003  -2.1354148672799382E-002
   4885.0000000000000        1.3947334045918945E-003  -2.1425616366979840E-002
   4890.0000000000000       -1.5595258375524046E-004  -2.1384678855897701E-002
   4895.0000000000000       -1.6934678682950599E-003  -2.1232445525211731E-002
   4900.0000000000000       -3.2098920011361634E-003  -2.0970597853407099E-002
   4905.0000000000000       -4.6974777385499688E-003  -2.0601376076214747E-002
   4910.0000000000000       -6.1486900992308476E-003  -2.0127563040739462E-002
   4915.0000000000000       -7.5562440033693007E-003  -1.9552465355967222E-002
   4920.0000000000000       -8.9131403073815698E-003  -1.8879891959584956E-002
   4925.0000000000000       -1.0212700058988770E-002  -1.8114130233576026E-002
   4930.0000000000000       -1.1448596808024776E-002  -1.7259919812793959E-002
   4935.0000000000000       -1.2614886819812475E-002  -1.6322424241609772E-002
   4940.0000000000000       -1.3706037050116526E-002  -1.5307200643725205E-002
   4945.0000000000000       -1.4716950753488006E-002  -1.4220167579298773E-002
   4950.0000000000000       -1.5642990610191036E-002  -1.3067571271605981E-002
   4955.0000000000000       -1.6479999270768542E-002  -1.1855950392513555E-002
   4960.0000000000000       -1.7224317231587776E-002  -1.0592099602061644E-002
   4965.0000000000000       -1.7872797969328526E-002  -9.2830320423951361E-003
   4970.0000000000000       -1.8422820277258334E-002  -7.9359409901475237E-003
   4975.0000000000000       -1.8872297761200432E-002  -6.5581608741470451E-003
   4980.0000000000000       -1.9219685468261218E-002  -5.1571278669791908E-003
   4985.0000000000000       -1.9463983636564756E-002  -3.7403402595022699E-003
   4990.0000000000000       -1.9604738569363133E-002  -2.3153188268795594E-003
   4995.0000000000000       -1.9642040651874547E-002  -8.8956739307380144E-004
