   0.0000000000000000        0.0000000000000000        0.0000000000000000     
   6.5000000000000000       5.09074723767211600E-003 -2.67680369808843197E-009
   13.000000000000000       1.75838289406619296E-002 -2.84933642688801714E-007
   19.500000000000000       3.19247591156301483E-002 -3.78794001604841310E-006
   26.000000000000000       4.39860422451914326E-002 -2.09201394254598110E-005
   32.500000000000000       5.24921817643952196E-002 -7.06272344126577687E-005
   39.000000000000000       5.78436577111789488E-002 -1.74325705518141191E-004
   45.500000000000000       6.07064298780812320E-002 -3.47474900821227414E-004
   52.000000000000000       6.15189599010254884E-002 -5.94430279416507902E-004
   58.500000000000000       6.05887868512934163E-002 -9.07751123764161398E-004
   65.000000000000000       5.82476339627796200E-002 -1.27044329602052776E-003
   71.500000000000000       5.48906745688036227E-002 -1.65965250371245452E-003
   78.000000000000000       5.09385190288445464E-002 -2.05086178755689054E-003
   84.500000000000000       4.67816139265602240E-002 -2.42179258419104133E-003
   91.000000000000000       4.27366476680884552E-002 -2.75528778899913505E-003
   97.500000000000000       3.90241718767404336E-002 -3.04074263848215769E-003
   104.00000000000000       3.57672202685461113E-002 -3.27407240327868285E-003
   110.50000000000000       3.30057843209482782E-002 -3.45657343741923462E-003
   117.00000000000000       3.07197808727969479E-002 -3.59321731656973408E-003
   123.50000000000000       2.88533749953078789E-002 -3.69089763707162880E-003
   130.00000000000000       2.73355066353953187E-002 -3.75698980908294265E-003
   136.50000000000000       2.60942094145254003E-002 -3.79838110706006609E-003
   143.00000000000000       2.50648007138326960E-002 -3.82096010520058347E-003
   149.50000000000000       2.41934465220207603E-002 -3.82945872936460083E-003
   156.00000000000000       2.34378016099118722E-002 -3.82751371827144086E-003
   162.50000000000000       2.27659969797110659E-002 -3.81783284848314199E-003
   169.00000000000000       2.21548465248038833E-002 -3.80238802415868533E-003
   175.50000000000000       2.15879026566080864E-002 -3.78259327800494535E-003
   182.00000000000000       2.10537501789241459E-002 -3.75945166456619767E-003
   188.50000000000000       2.05446682034368562E-002 -3.73366955418225586E-003
   195.00000000000000       2.00556180836335453E-002 -3.70574286791091213E-003
   201.50000000000000       1.95834699693225277E-002 -3.67602111649605479E-003
   208.00000000000000       1.91264038794247103E-002 -3.64475446974560227E-003
   214.50000000000000       1.86834499350529773E-002 -3.61212793995603285E-003
   221.00000000000000       1.82541456027985362E-002 -3.57828572175772526E-003
   227.50000000000000       1.78382908660710028E-002 -3.54334796939234512E-003
   234.00000000000000       1.74357828969049396E-002 -3.50742179201339642E-003
   240.50000000000000       1.70465129010966832E-002 -3.47060791879987311E-003
   247.00000000000000       1.66703095304087529E-002 -3.43300424164745283E-003
   253.50000000000000       1.63069153487547767E-002 -3.39470722992801744E-003
   260.00000000000000       1.59559851545662684E-002 -3.35581200869230741E-003
   266.50000000000000       1.56170973522216615E-002 -3.31641169935941241E-003
   273.00000000000000       1.52897718489538228E-002 -3.27659644916929041E-003
   279.50000000000000       1.49734899597027613E-002 -3.23645243055335286E-003
   286.00000000000000       1.46677134281642026E-002 -3.19606097763143991E-003
   292.50000000000000       1.43719009057103365E-002 -3.15549794314205463E-003
   299.00000000000000       1.40855211233851408E-002 -3.11483330119014792E-003
   305.50000000000000       1.38080626114079029E-002 -3.07413098411876652E-003
   312.00000000000000       1.35390402165073177E-002 -3.03344892058202880E-003
   318.50000000000000       1.32779988834196318E-002 -2.99283923218186072E-003
   325.00000000000000       1.30245152503682057E-002 -2.95234854426672504E-003
   331.50000000000000       1.27781976061350794E-002 -2.91201836982258504E-003
   338.00000000000000       1.25386847048490607E-002 -2.87188553157466300E-003
   344.50000000000000       1.23056438577649318E-002 -2.83198259477186048E-003
   351.00000000000000       1.20787686348854863E-002 -2.79233829046044791E-003
   357.50000000000000       1.18577764245809177E-002 -2.75297791563777587E-003
   364.00000000000000       1.16424060239794531E-002 -2.71392370214416489E-003
   370.50000000000000       1.14324153706950801E-002 -2.67519515039951836E-003
   377.00000000000000       1.12275794782238751E-002 -2.63680932718596142E-003
   383.50000000000000       1.10276886020013332E-002 -2.59878112877432767E-003
   390.00000000000000       1.08325466387344162E-002 -2.56112351198228057E-003
   396.50000000000000       1.06419697460381057E-002 -2.52384769642688368E-003
   403.00000000000000       1.04557851605390495E-002 -2.48696334146726768E-003
   409.50000000000000       1.02738301886209360E-002 -2.45047870126783533E-003
   416.00000000000000       1.00959513433445669E-002 -2.41440076116286421E-003
   422.50000000000000       9.92200360256411187E-003 -2.37873535815473188E-003
   429.00000000000000       9.75184976595914500E-003 -2.34348728799104898E-003
   435.50000000000000       9.58535989194483559E-003 -2.30866040088172596E-003
   442.00000000000000       9.42241079875481315E-003 -2.27425768756073189E-003
   448.50000000000000       9.26288561712273854E-003 -2.24028135708290730E-003
   455.00000000000000       9.10667338475537255E-003 -2.20673290747910780E-003
   461.50000000000000       8.95366867511984167E-003 -2.17361319017331245E-003
   468.00000000000000       8.80377125495189136E-003 -2.14092246888931059E-003
   474.50000000000000       8.65688576635983628E-003 -2.10866047363697604E-003
   481.00000000000000       8.51292143050281711E-003 -2.07682645026245572E-003
   487.50000000000000       8.37179177062300287E-003 -2.04541920596685309E-003
   494.00000000000000       8.23341435277099611E-003 -2.01443715113827334E-003
   500.50000000000000       8.09771054293942014E-003 -1.98387833779762593E-003
   507.00000000000000       7.96460527956103712E-003 -1.95374049492505345E-003
   513.50000000000000       7.83402686047508789E-003 -1.92402106090823759E-003
   520.00000000000000       7.70590674355121387E-003 -1.89471721333357972E-003
   526.50000000000000       7.58017936020813268E-003 -1.86582589632448750E-003
   533.00000000000000       7.45678194109113211E-003 -1.83734384561653270E-003
   539.50000000000000       7.33565435319025617E-003 -1.80926761154633162E-003
   546.00000000000000       7.21673894769694641E-003 -1.78159358011889578E-003
   552.50000000000000       7.09998041791480919E-003 -1.75431799230679926E-003
   559.00000000000000       6.98532566656223132E-003 -1.72743696172362841E-003
   565.50000000000000       6.87272368183081128E-003 -1.70094649080371283E-003
   572.00000000000000       6.76212542159391333E-003 -1.67484248561012238E-003
   578.50000000000000       6.65348370519260914E-003 -1.64912076938342330E-003
   585.00000000000000       6.54675311226132414E-003 -1.62377709493468823E-003
   591.50000000000000       6.44188988809103660E-003 -1.59880715597778976E-003
   598.00000000000000       6.33885185506332435E-003 -1.57420659748815669E-003
   604.50000000000000       6.23759832972290394E-003 -1.54997102516787736E-003
   611.00000000000000       6.13809004508921157E-003 -1.52609601409028515E-003
   617.50000000000000       6.04028907783845000E-003 -1.50257711659098508E-003
   624.00000000000000       5.94415878001632730E-003 -1.47940986946663009E-003
   630.50000000000000       5.84966371496831259E-003 -1.45658980053758728E-003
   637.00000000000000       5.75676959719856590E-003 -1.43411243462592203E-003
   643.50000000000000       5.66544323589100035E-003 -1.41197329899585885E-003
   650.00000000000000       5.57565248184626293E-003 -1.39016792829995198E-003
   656.50000000000000       5.48736617760685504E-003 -1.36869186907064596E-003
   663.00000000000000       5.40055411055942632E-003 -1.34754068379369630E-003
   669.50000000000000       5.31518696881872095E-003 -1.32670995459694503E-003
   676.00000000000000       5.23123629971157088E-003 -1.30619528658523299E-003
   682.50000000000000       5.14867447069221676E-003 -1.28599231084980110E-003
   689.00000000000000       5.06747463253199183E-003 -1.26609668717824701E-003
   695.50000000000000       4.98761068463725570E-003 -1.24650410648905201E-003
   702.00000000000000       4.90905724235942385E-003 -1.22721029301279508E-003
   708.50000000000000       4.83178960617022899E-003 -1.20821100624041730E-003
   715.00000000000000       4.75578373258379958E-003 -1.18950204265731241E-003
   721.50000000000000       4.68101620671516894E-003 -1.17107923728055501E-003
   728.00000000000000       4.60746421637213757E-003 -1.15293846501519849E-003
   734.50000000000000       4.53510552758421698E-003 -1.13507564184435234E-003
   741.00000000000000       4.46391846147882378E-003 -1.11748672586659339E-003
   747.50000000000000       4.39388187242075855E-003 -1.10016771819321322E-003
   754.00000000000000       4.32497512733653628E-003 -1.08311466371681961E-003
   760.50000000000000       4.25717808615026783E-003 -1.06632365176192686E-003
   767.00000000000000       4.19047108326262539E-003 -1.04979081662733009E-003
   773.50000000000000       4.12483491000880092E-003 -1.03351233802930322E-003
   780.00000000000000       4.06025079803562852E-003 -1.01748444145396337E-003
   786.50000000000000       3.99670040354184117E-003 -1.00170339842647915E-003
   793.00000000000000       3.93416579232912407E-003 -9.86165526704230145E-004
   799.50000000000000       3.87262942561493505E-003 -9.70867190400437970E-004
   806.00000000000000       3.81207414656127910E-003 -9.55804800044312793E-004
   812.50000000000000       3.75248316747650275E-003 -9.40974812583273909E-004
   819.00000000000000       3.69384005764996455E-003 -9.26373731332377011E-004
   825.50000000000000       3.63612873178198546E-003 -9.11998105875679445E-004
   832.00000000000000       3.57933343897385734E-003 -8.97844531923899206E-004
   838.50000000000000       3.52343875224495409E-003 -8.83909651132400924E-004
   845.00000000000000       3.46842955854604696E-003 -8.70190150883209208E-004
   851.50000000000000       3.41429104923988850E-003 -8.56682764034471752E-004
   858.00000000000000       3.36100871102195178E-003 -8.43384268640525380E-004
   864.50000000000000       3.30856831725591469E-003 -8.30291487645467554E-004
   871.00000000000000       3.25695591970006498E-003 -8.17401288552908932E-004
   877.50000000000000       3.20615784060228597E-003 -8.04710583074375822E-004
   884.00000000000000       3.15616066514269340E-003 -7.92216326758633056E-004
   890.50000000000000       3.10695123420427592E-003 -7.79915518604020570E-004
   897.00000000000000       3.05851663745311834E-003 -7.67805200655727912E-004
   903.50000000000000       3.01084420671092349E-003 -7.55882457589778715E-004
   910.00000000000000       2.96392150960361582E-003 -7.44144416285358584E-004
   916.50000000000000       2.91773634347080755E-003 -7.32588245386985634E-004
   923.00000000000000       2.87227672952183790E-003 -7.21211154857905718E-004
   929.50000000000000       2.82753090722497914E-003 -7.10010395525975755E-004
   936.00000000000000       2.78348732891721407E-003 -6.98983258623200789E-004
   942.50000000000000       2.74013465462274747E-003 -6.88127075319997818E-004
   949.00000000000000       2.69746174706915736E-003 -6.77439216255163140E-004
   955.50000000000000       2.65545766689074180E-003 -6.66917091062451252E-004
   962.00000000000000       2.61411166800924267E-003 -6.56558147894576805E-004
   968.50000000000000       2.57341319318275330E-003 -6.46359872945408121E-004
   975.00000000000000       2.53335186971411202E-003 -6.36319789971037143E-004
   981.50000000000000       2.49391750531065878E-003 -6.26435459810356838E-004
   988.00000000000000       2.45510008408768039E-003 -6.16704479905729884E-004
   994.50000000000000       2.41688976270833635E-003 -6.07124483824271347E-004
   1001.0000000000000       2.37927686665329171E-003 -5.97693140780222384E-004
   1007.5000000000000       2.34225188661366058E-003 -5.88408155158856474E-004
   1014.0000000000000       2.30580547500126376E-003 -5.79267266042314544E-004
   1020.5000000000000       2.26992844257053929E-003 -5.70268246737730368E-004
   1027.0000000000000       2.23461175514677634E-003 -5.61408904307971390E-004
   1033.5000000000000       2.19984653045566343E-003 -5.52687079105292035E-004
   1040.0000000000000       2.16562403504941227E-003 -5.44100644308160696E-004
   1046.5000000000000       2.13193568132500439E-003 -5.35647505461506516E-004
   1053.0000000000000       2.09877302463035847E-003 -5.27325600020600626E-004
   1059.5000000000000       2.06612776045446032E-003 -5.19132896898758878E-004
   1066.0000000000000       2.03399172169770872E-003 -5.11067396019042352E-004
   1072.5000000000000       2.00235687601895947E-003 -5.03127127870109489E-004
   1079.0000000000000       1.97121532325593299E-003 -4.95310153066347140E-004
   1085.5000000000000       1.94055929291584188E-003 -4.87614561912405370E-004
   1092.0000000000000       1.91038114173327405E-003 -4.80038473972236148E-004
   1098.5000000000000       1.88067335129251767E-003 -4.72580037642727861E-004
   1105.0000000000000       1.85142852571168622E-003 -4.65237429732006671E-004
   1111.5000000000000       1.82263938938613036E-003 -4.58008855042476041E-004
   1118.0000000000000       1.79429878478876560E-003 -4.50892545958642599E-004
   1124.5000000000000       1.76639967032507722E-003 -4.43886762039775139E-004
   1131.0000000000000       1.73893511824066644E-003 -4.36989789617432461E-004
   1137.5000000000000       1.71189831257934143E-003 -4.30199941397885568E-004
   1144.0000000000000       1.68528254718983898E-003 -4.23515556069450048E-004
   1150.5000000000000       1.65908122377936957E-003 -4.16934997914746974E-004
   1157.0000000000000       1.63328785001227799E-003 -4.10456656427889979E-004
   1163.5000000000000       1.60789603765219466E-003 -4.04078945936606378E-004
   1170.0000000000000       1.58289950074613273E-003 -3.97800305229278775E-004
   1176.5000000000000       1.55829205384906948E-003 -3.91619197186901307E-004
   1183.0000000000000       1.53406761028762367E-003 -3.85534108419933010E-004
   1189.5000000000000       1.51022018046150321E-003 -3.79543548910031016E-004
   1196.0000000000000       1.48674387018147267E-003 -3.73646051656637511E-004
   1202.5000000000000       1.46363287904263607E-003 -3.67840172328397132E-004
   1209.0000000000000       1.44088149883190957E-003 -3.62124488919375110E-004
   1215.5000000000000       1.41848411196859327E-003 -3.56497601410041341E-004
   1222.0000000000000       1.39643518997700951E-003 -3.50958131432989556E-004
   1228.5000000000000       1.37472929199022788E-003 -3.45504721943350592E-004
   1235.0000000000000       1.35336106328393731E-003 -3.40136036893865456E-004
   1241.5000000000000       1.33232523383956737E-003 -3.34850760914574223E-004
   1248.0000000000000       1.31161661693580825E-003 -3.29647598997079609E-004
   1254.5000000000000       1.29123010776770685E-003 -3.24525276183343109E-004
   1261.0000000000000       1.27116068209256420E-003 -3.19482537258966050E-004
   1267.5000000000000       1.25140339490188214E-003 -3.14518146450912446E-004
   1274.0000000000000       1.23195337911864971E-003 -3.09630887129625648E-004
   1280.5000000000000       1.21280584431927982E-003 -3.04819561515489281E-004
   1287.0000000000000       1.19395607547954355E-003 -3.00082990389587687E-004
   1293.5000000000000       1.17539943174386975E-003 -2.95420012808715799E-004
   1300.0000000000000       1.15713134521741525E-003 -2.90829485824588177E-004
   1306.5000000000000       1.13914731978031884E-003 -2.86310284207196150E-004
   1313.0000000000000       1.12144292992358264E-003 -2.81861300172265683E-004
   1319.5000000000000       1.10401381960605364E-003 -2.77481443112767014E-004
   1326.0000000000000       1.08685570113198912E-003 -2.73169639334420880E-004
   1332.5000000000000       1.06996435404870731E-003 -2.68924831795152751E-004
   1339.0000000000000       1.05333562406385102E-003 -2.64745979848447809E-004
   1345.5000000000000       1.03696542198181097E-003 -2.60632058990552631E-004
   1352.0000000000000       1.02084972265885907E-003 -2.56582060611473405E-004
   1358.5000000000000       1.00498456397656879E-003 -2.52594991749721816E-004
   1365.0000000000000       9.89366045833117019E-004 -2.48669874850758162E-004
   1371.5000000000000       9.73990329152060632E-004 -2.44805747529081670E-004
   1378.0000000000000       9.58853634908215483E-004 -2.41001662333918904E-004
   1384.5000000000000       9.43952243170259825E-004 -2.37256686518459546E-004
   1391.0000000000000       9.29282492159707544E-004 -2.33569901812593337E-004
   1397.5000000000000       9.14840777325905564E-004 -2.29940404199096784E-004
   1404.0000000000000       9.00623550436718367E-004 -2.26367303693222232E-004
   1410.5000000000000       8.86627318684573055E-004 -2.22849724125642566E-004
   1417.0000000000000       8.72848643807556382E-004 -2.19386802928702655E-004
   1423.5000000000000       8.59284141225251635E-004 -2.15977690925931196E-004
   1430.0000000000000       8.45930479189024344E-004 -2.12621552124767072E-004
   1436.5000000000000       8.32784377946468000E-004 -2.09317563512451371E-004
   1443.0000000000000       8.19842608919728647E-004 -2.06064914855042387E-004
   1449.5000000000000       8.07101993897440541E-004 -2.02862808499507547E-004
   1456.0000000000000       7.94559404240008566E-004 -1.99710459178847394E-004
   1462.5000000000000       7.82211760097982381E-004 -1.96607093820205521E-004
   1469.0000000000000       7.70056029643269042E-004 -1.93551951355924463E-004
   1475.5000000000000       7.58089228312947201E-004 -1.90544282537501191E-004
   1482.0000000000000       7.46308418065444782E-004 -1.87583349752400743E-004
   1488.5000000000000       7.34710706648847582E-004 -1.84668426843684504E-004
   1495.0000000000000       7.23293246881118591E-004 -1.81798798932414362E-004
   1501.5000000000000       7.12053235942009238E-004 -1.78973762242788767E-004
   1508.0000000000000       7.00987914676448002E-004 -1.76192623929970037E-004
   1514.5000000000000       6.90094566909199743E-004 -1.73454701910565122E-004
   1521.0000000000000       6.79370518770594403E-004 -1.70759324695716694E-004
   1527.5000000000000       6.68813138033123866E-004 -1.68105831226768722E-004
   1534.0000000000000       6.58419833458717988E-004 -1.65493570713466377E-004
   1540.5000000000000       6.48188054156510177E-004 -1.62921902474651414E-004
   1547.0000000000000       6.38115288950904299E-004 -1.60390195781416633E-004
   1553.5000000000000       6.28199065759768474E-004 -1.57897829702682016E-004
   1560.0000000000000       6.18436950982577610E-004 -1.55444192953156001E-004
   1566.5000000000000       6.08826548898330354E-004 -1.53028683743645157E-004
   1573.0000000000000       5.99365501073074449E-004 -1.50650709633677317E-004
   1579.5000000000000       5.90051485776876047E-004 -1.48309687386403012E-004
   1586.0000000000000       5.80882217410070211E-004 -1.46005042825740020E-004
   1592.5000000000000       5.71855445938634129E-004 -1.43736210695727515E-004
   1599.0000000000000       5.62968956338531757E-004 -1.41502634522056074E-004
   1605.5000000000000       5.54220568048874448E-004 -1.39303766475739829E-004
   1612.0000000000000       5.45608134433752485E-004 -1.37139067238899279E-004
   1618.5000000000000       5.37129542252590608E-004 -1.35008005872620633E-004
   1625.0000000000000       5.28782711138885294E-004 -1.32910059686861790E-004
   1631.5000000000000       5.20565593087183817E-004 -1.30844714112372720E-004
   1638.0000000000000       5.12476171948171187E-004 -1.28811462574599227E-004
   1644.5000000000000       5.04512462931725218E-004 -1.26809806369540610E-004
   1651.0000000000000       4.96672512117814278E-004 -1.24839254541529851E-004
   1657.5000000000000       4.88954395975104046E-004 -1.22899323762908400E-004
   1664.0000000000000       4.81356220887148854E-004 -1.20989538215565502E-004
   1670.5000000000000       4.73876122686044403E-004 -1.19109429474313549E-004
   1677.0000000000000       4.66512266193416195E-004 -1.17258536392070620E-004
   1683.5000000000000       4.59262844768627929E-004 -1.15436404986823832E-004
   1690.0000000000000       4.52126079864090399E-004 -1.13642588330345739E-004
   1696.5000000000000       4.45100220587556336E-004 -1.11876646438635732E-004
   1703.0000000000000       4.38183543271287795E-004 -1.10138146164060356E-004
   1709.5000000000000       4.31374351047984783E-004 -1.08426661089167331E-004
   1716.0000000000000       4.24670973433366504E-004 -1.06741771422145374E-004
   1722.5000000000000       4.18071765915296629E-004 -1.05083063893907224E-004
   1729.0000000000000       4.11575109549349480E-004 -1.03450131656768245E-004
   1735.5000000000000       4.05179410560711870E-004 -1.01842574184697786E-004
   1742.0000000000000       3.98883099952319800E-004 -1.00259997175117913E-004
   1748.5000000000000       3.92684633119130008E-004 -9.87020124522256702E-005
   1755.0000000000000       3.86582489468427709E-004 -9.71682378718165658E-005
   1761.5000000000000       3.80575172046075595E-004 -9.56582972275843804E-005
   1768.0000000000000       3.74661207168607230E-004 -9.41718201588756727E-005
   1774.5000000000000       3.68839144061073709E-004 -9.27084420598755967E-005
   1781.0000000000000       3.63107554500550123E-004 -9.12678039902039537E-005
   1787.5000000000000       3.57465032465213576E-004 -8.98495525868993881E-005
   1794.0000000000000       3.51910193788903744E-004 -8.84533399777687987E-005
   1800.5000000000000       3.46441675821078474E-004 -8.70788236960826637E-005
   1807.0000000000000       3.41058137092078181E-004 -8.57256665965947326E-005
   1813.5000000000000       3.35758256983617728E-004 -8.43935367728658236E-005
   1820.0000000000000       3.30540735404419805E-004 -8.30821074758709646E-005
   1826.5000000000000       3.25404292470911425E-004 -8.17910570338706175E-005
   1833.0000000000000       3.20347668192900927E-004 -8.05200687735261212E-005
   1839.5000000000000       3.15369622164159624E-004 -7.92688309422397803E-005
   1846.0000000000000       3.10468933257827514E-004 -7.80370366317011024E-005
   1852.5000000000000       3.05644399326569359E-004 -7.68243837026205749E-005
   1859.0000000000000       3.00894836907406504E-004 -7.56305747106323885E-005
   1865.5000000000000       2.96219080931149170E-004 -7.44553168333472417E-005
   1872.0000000000000       2.91615984436357036E-004 -7.32983217985392200E-005
   1878.5000000000000       2.87084418287759902E-004 -7.21593058134467619E-005
   1885.0000000000000       2.82623270899063077E-004 -7.10379894951724216E-005
   1891.5000000000000       2.78231447960073102E-004 -6.99340978021637861E-005
   1898.0000000000000       2.73907872168074299E-004 -6.88473599667583866E-005
   1904.5000000000000       2.69651482963389642E-004 -6.77775094287764643E-005
   1911.0000000000000       2.65461236269058990E-004 -6.67242837701451655E-005
   1917.5000000000000       2.61336104234573317E-004 -6.56874246505385114E-005
   1924.0000000000000       2.57275074983598004E-004 -6.46666777440165825E-005
   1930.5000000000000       2.53277152365624181E-004 -6.36617926766495245E-005
   1937.0000000000000       2.49341355711487104E-004 -6.26725229651101671E-005
   1943.5000000000000       2.45466719592689971E-004 -6.16986259562208754E-005
   1950.0000000000000       2.41652293584474300E-004 -6.07398627674392335E-005
   1956.5000000000000       2.37897142032578206E-004 -5.97959982282685447E-005
   1963.0000000000000       2.34200343823624628E-004 -5.88668008225782152E-005
   1969.5000000000000       2.30560992159082635E-004 -5.79520426318204677E-005
   1976.0000000000000       2.26978194332746639E-004 -5.70514992791290332E-005
   1982.5000000000000       2.23451071511677574E-004 -5.61649498742865870E-005
   1989.0000000000000       2.19978758520553239E-004 -5.52921769595468611E-005
   1995.5000000000000       2.16560403629373143E-004 -5.44329664562987823E-005
   2002.0000000000000       2.13195168344466792E-004 -5.35871076125588654E-005
   2008.5000000000000       2.09882227202752266E-004 -5.27543929512797678E-005
   2015.0000000000000       2.06620767569196432E-004 -5.19346182194618981E-005
   2021.5000000000000       2.03409989437425075E-004 -5.11275823380552799E-005
   2028.0000000000000       2.00249105233434380E-004 -5.03330873526401163E-005
   2034.5000000000000       1.97137339622355392E-004 -4.95509383848735812E-005
   2041.0000000000000       1.94073929318224435E-004 -4.87809435846911531E-005
   2047.5000000000000       1.91058122896711606E-004 -4.80229140832502899E-005
   2054.0000000000000       1.88089180610761570E-004 -4.72766639466053019E-005
   2060.5000000000000       1.85166374209101865E-004 -4.65420101301022583E-005
   2067.0000000000000       1.82288986757573235E-004 -4.58187724334821136E-005
   2073.5000000000000       1.79456312463238237E-004 -4.51067734566816550E-005
   2080.0000000000000       1.76667656501224945E-004 -4.44058385563211617E-005
   2086.5000000000000       1.73922334844263474E-004 -4.37157958028682348E-005
   2093.0000000000000       1.71219674094872602E-004 -4.30364759384667847E-005
   2099.5000000000000       1.68559011320155300E-004 -4.23677123354220084E-005
   2106.0000000000000       1.65939693889163913E-004 -4.17093409553298433E-005
   2112.5000000000000       1.63361079312792740E-004 -4.10612003088416626E-005
   2119.0000000000000       1.60822535086160899E-004 -4.04231314160541345E-005
   2125.5000000000000       1.58323438533444755E-004 -3.97949777675142918E-005
   2132.0000000000000       1.55863176655122776E-004 -3.91765852858311385E-005
   2138.5000000000000       1.53441145977595853E-004 -3.85678022878832824E-005
   2145.0000000000000       1.51056752405144670E-004 -3.79684794476137648E-005
   2151.5000000000000       1.48709411074188648E-004 -3.73784697594032586E-005
   2158.0000000000000       1.46398546209810675E-004 -3.67976285020122347E-005
   2164.5000000000000       1.44123590984511968E-004 -3.62258132030834711E-005
   2171.0000000000000       1.41883987379162600E-004 -3.56628836041960354E-005
   2177.5000000000000       1.39679186046113413E-004 -3.51087016264625194E-005
   2184.0000000000000       1.37508646174436087E-004 -3.45631313366605354E-005
   2190.5000000000000       1.35371835357257422E-004 -3.40260389138906060E-005
   2197.0000000000000       1.33268229461155912E-004 -3.34972926167522955E-005
   2203.5000000000000       1.31197312497588784E-004 -3.29767627510302687E-005
   2210.0000000000000       1.29158576496316734E-004 -3.24643216378824379E-005
   2216.5000000000000       1.27151521380796978E-004 -3.19598435825223619E-005
   2223.0000000000000       1.25175654845512119E-004 -3.14632048433884947E-005
   2229.5000000000000       1.23230492235206342E-004 -3.09742836017924122E-005
   2236.0000000000000       1.21315556425998552E-004 -3.04929599320385468E-005
   2242.5000000000000       1.19430377708342860E-004 -3.00191157720083758E-005
   2249.0000000000000       1.17574493671808669E-004 -2.95526348942017102E-005
   2255.5000000000000       1.15747449091651306E-004 -2.90934028772279240E-005
   2262.0000000000000       1.13948795817145622E-004 -2.86413070777401643E-005
   2268.5000000000000       1.12178092661655173E-004 -2.81962366028056519E-005
   2275.0000000000000       1.10434905294409729E-004 -2.77580822827053626E-005
   2281.5000000000000       1.08718806133965054E-004 -2.73267366441564529E-005
   2288.0000000000000       1.07029374243318323E-004 -2.69020938839506736E-005
   2294.5000000000000       1.05366195226653576E-004 -2.64840498430024730E-005
   2301.0000000000000       1.03728861127692123E-004 -2.60725019808002672E-005
   2307.5000000000000       1.02116970329622447E-004 -2.56673493502548878E-005
   2314.0000000000000       1.00530127456585448E-004 -2.52684925729387151E-005
   2320.5000000000000       9.89679432766908906E-005 -2.48758338147097229E-005
   2327.0000000000000       9.74300346065407578E-005 -2.44892767617141040E-005
   2333.5000000000000       9.59160242172366767E-005 -2.41087265967620057E-005
   2340.0000000000000       9.44255407418480996E-005 -2.37340899760701703E-005
   2346.5000000000000       9.29582185843181398E-005 -2.33652750063661299E-005
   2353.0000000000000       9.15136978297855636E-005 -2.30021912223482054E-005
   2359.5000000000000       9.00916241563002272E-005 -2.26447495644956117E-005
   2366.0000000000000       8.86916487479105168E-005 -2.22928623572234305E-005
   2372.5000000000000       8.73134282091015144E-005 -2.19464432873770233E-005
   2379.0000000000000       8.59566244805627080E-005 -2.16054073830607611E-005
   2385.5000000000000       8.46209047562649161E-005 -2.12696709927956406E-005
   2392.0000000000000       8.33059414018257998E-005 -2.09391517650007509E-005
   2398.5000000000000       8.20114118741441093E-005 -2.06137686277935679E-005
   2405.0000000000000       8.07369986422825503E-005 -2.02934417691041814E-005
   2411.5000000000000       7.94823891095803946E-005 -1.99780926170985650E-005
   2418.0000000000000       7.82472755369765881E-005 -1.96676438209060420E-005
   2424.5000000000000       7.70313549675241259E-005 -1.93620192316461373E-005
   2431.0000000000000       7.58343291520777651E-005 -1.90611438837504199E-005
   2437.5000000000000       7.46559044761364800E-005 -1.87649439765744882E-005
   2444.0000000000000       7.34957918878226767E-005 -1.84733468562956767E-005
   2450.5000000000000       7.23537068269808733E-005 -1.81862809980921027E-005
   2457.0000000000000       7.12293691553779701E-005 -1.79036759885986422E-005
   2463.5000000000000       7.01225030879882102E-005 -1.76254625086355212E-005
   2470.0000000000000       6.90328371253462686E-005 -1.73515723162052920E-005
   2476.5000000000000       6.79601039869511908E-005 -1.70819382297540249E-005
   2483.0000000000000       6.69040405457055007E-005 -1.68164941116925640E-005
   2489.5000000000000       6.58643877633729297E-005 -1.65551748521739553E-005
   2496.0000000000000       6.48408906270393315E-005 -1.62979163531229458E-005
   2502.5000000000000       6.38332980865609248E-005 -1.60446555125135098E-005
   2509.0000000000000       6.28413629929844021E-005 -1.57953302088908335E-005
   2515.5000000000000       6.18648420379242392E-005 -1.55498792861338054E-005
   2522.0000000000000       6.09034956938819062E-005 -1.53082425384542623E-005
   2528.5000000000000       5.99570881554926125E-005 -1.50703606956293582E-005
   2535.0000000000000       5.90253872816850453E-005 -1.48361754084633618E-005
   2541.5000000000000       5.81081645387398311E-005 -1.46056292344754069E-005
   2548.0000000000000       5.72051949442330164E-005 -1.43786656238096631E-005
   2554.5000000000000       5.63162570118505099E-005 -1.41552289053643992E-005
   2561.0000000000000       5.54411326970601813E-005 -1.39352642731366854E-005
   2567.5000000000000       5.45796073436281961E-005 -1.37187177727792078E-005
   2574.0000000000000       5.37314696309664644E-005 -1.35055362883660242E-005
   2580.5000000000000       5.28965115222982971E-005 -1.32956675293639030E-005
   2587.0000000000000       5.20745282136294893E-005 -1.30890600178061880E-005
   2593.5000000000000       5.12653180835124896E-005 -1.28856630756660120E-005
   2600.0000000000000       5.04686826435911349E-005 -1.26854268124256273E-005
   2606.5000000000000       4.96844264899139491E-005 -1.24883021128389721E-005
   2613.0000000000000       4.89123572550039971E-005 -1.22942406248843311E-005
   2619.5000000000000       4.81522855606735461E-005 -1.21031947479042849E-005
   2626.0000000000000       4.74040249715719993E-005 -1.19151176209299113E-005
   2632.5000000000000       4.66673919494556717E-005 -1.17299631111863981E-005
   2639.0000000000000       4.59422058081681371E-005 -1.15476858027773581E-005
   2645.5000000000000       4.52282886693203146E-005 -1.13682409855448791E-005
   2652.0000000000000       4.45254654186590752E-005 -1.11915846441027598E-005
   2658.5000000000000       4.38335636631139784E-005 -1.10176734470401090E-005
   2665.0000000000000       4.31524136885114894E-005 -1.08464647362927967E-005
   2671.5000000000000       4.24818484179462647E-005 -1.06779165166799744E-005
   2678.0000000000000       4.18217033707993669E-005 -1.05119874456032268E-005
   2684.5000000000000       4.11718166223932653E-005 -1.03486368229057944E-005
   2691.0000000000000       4.05320287642737905E-005 -1.01878245808893659E-005
   2697.5000000000000       3.99021828651093449E-005 -1.00295112744860693E-005
   2704.0000000000000       3.92821244321977145E-005 -9.87365807158308823E-006
   2710.5000000000000       3.86717013735709324E-005 -9.72022674349768082E-006
   2717.0000000000000       3.80707639606892107E-005 -9.56917965560021708E-006
   2723.5000000000000       3.74791647917143775E-005 -9.42047975808291214E-006
   2730.0000000000000       3.68967587553542691E-005 -9.27409057687199964E-006
   2736.5000000000000       3.63234029952687044E-005 -9.12997620468112409E-006
   2743.0000000000000       3.57589568750287556E-005 -8.98810129220382789E-006
   2749.5000000000000       3.52032819436205177E-005 -8.84843103944278001E-006
   2756.0000000000000       3.46562419014848270E-005 -8.71093118717386585E-006
   2762.5000000000000       3.41177025670848168E-005 -8.57556800854281396E-006
   2769.0000000000000       3.35875318439929880E-005 -8.44230830079248961E-006
   2775.5000000000000       3.30655996884896312E-005 -8.31111937711870343E-006
   2782.0000000000000       3.25517780776648529E-005 -8.18196905865256515E-006
   2788.5000000000000       3.20459409780162659E-005 -8.05482566656746811E-006
   2795.0000000000000       3.15479643145346380E-005 -7.92965801430870711E-006
   2801.5000000000000       3.10577259402699101E-005 -7.80643539994380869E-006
   2808.0000000000000       3.05751056063702380E-005 -7.68512759863176785E-006
   2814.5000000000000       3.00999849325864727E-005 -7.56570485520930160E-006
   2821.0000000000000       2.96322473782350537E-005 -7.44813787689235309E-006
   2827.5000000000000       2.91717782136122164E-005 -7.33239782609094237E-006
   2834.0000000000000       2.87184644918522604E-005 -7.21845631333568999E-006
   2840.5000000000000       2.82721950212232099E-005 -7.10628539031426848E-006
   2847.0000000000000       2.78328603378529482E-005 -6.99585754301605387E-006
   2853.5000000000000       2.74003526788792294E-005 -6.88714568498330340E-006
   2860.0000000000000       2.69745659560168092E-005 -6.78012315066723751E-006
   2866.5000000000000       2.65553957295354806E-005 -6.67476368888734453E-006
   2873.0000000000000       2.61427391826423699E-005 -6.57104145639231590E-006
   2879.5000000000000       2.57364950962623939E-005 -6.46893101152103195E-006
   2886.0000000000000       2.53365638242105214E-005 -6.36840730796206957E-006
   2892.5000000000000       2.49428472687499166E-005 -6.26944568861020358E-006
   2899.0000000000000       2.45552488565299074E-005 -6.17202187951832806E-006
   2905.5000000000000       2.41736735148977979E-005 -6.07611198394339152E-006
   2912.0000000000000       2.37980276485788286E-005 -5.98169247648485952E-006
   2918.5000000000000       2.34282191167185371E-005 -5.88874019731423659E-006
   2925.0000000000000       2.30641572102818254E-005 -5.79723234649428562E-006
   2931.5000000000000       2.27057526298032171E-005 -5.70714647838651151E-006
   2938.0000000000000       2.23529174634829649E-005 -5.61846049614555618E-006
   2944.5000000000000       2.20055651656234277E-005 -5.53115264629912549E-006
   2951.0000000000000       2.16636105354005756E-005 -5.44520151341215507E-006
   2957.5000000000000       2.13269696959653727E-005 -5.36058601483390844E-006
   2964.0000000000000       2.09955600738699161E-005 -5.27728539552669263E-006
   2970.5000000000000       2.06693003788132956E-005 -5.19527922297491232E-006
   2977.0000000000000       2.03481105837021370E-005 -5.11454738217325047E-006
   2983.5000000000000       2.00319119050210808E-005 -5.03507007069274371E-006
   2990.0000000000000       1.97206267835082206E-005 -4.95682779382349310E-006
   2996.5000000000000       1.94141788651308372E-005 -4.87980135979289718E-006
   3003.0000000000000       1.91124929823568301E-005 -4.80397187505816895E-006
   3009.5000000000000       1.88154951357171035E-005 -4.72932073967198907E-006
   3016.0000000000000       1.85231124756545076E-005 -4.65582964272020175E-006
   3022.5000000000000       1.82352732846548147E-005 -4.58348055783038782E-006
   3029.0000000000000       1.79519069596553693E-005 -4.51225573875024857E-006
   3035.5000000000000       1.76729439947271269E-005 -4.44213771499469071E-006
   3042.0000000000000       1.73983159640257920E-005 -4.37310928756054440E-006
   3048.5000000000000       1.71279555050078596E-005 -4.30515352470787587E-006
   3055.0000000000000       1.68617963019074900E-005 -4.23825375780687555E-006
   3061.5000000000000       1.65997730694701587E-005 -4.17239357724925549E-006
   3068.0000000000000       1.63418215369390683E-005 -4.10755682842321149E-006
   3074.5000000000000       1.60878784322903852E-005 -4.04372760775089875E-006
   3081.0000000000000       1.58378814667134846E-005 -3.98089025878750972E-006
   3087.5000000000000       1.55917693193323195E-005 -3.91902936838094280E-006
   3094.0000000000000       1.53494816221642539E-005 -3.85812976289117832E-006
   3100.5000000000000       1.51109589453125910E-005 -3.79817650446839547E-006
   3107.0000000000000       1.48761427823892491E-005 -3.73915488738892583E-006
   3113.5000000000000       1.46449755361639370E-005 -3.68105043444811451E-006
   3120.0000000000000       1.44174005044363079E-005 -3.62384889340925979E-006
   3126.5000000000000       1.41933618661276757E-005 -3.56753623350775070E-006
   3133.0000000000000       1.39728046675888704E-005 -3.51209864200949710E-006
   3139.5000000000000       1.37556748091208520E-005 -3.45752252082285343E-006
   3146.0000000000000       1.35419190317047636E-005 -3.40379448316319606E-006
   3152.5000000000000       1.33314849039382306E-005 -3.35090135026932471E-006
   3159.0000000000000       1.31243208091746508E-005 -3.29883014817088272E-006
   3165.5000000000000       1.29203759328623053E-005 -3.24756810450602803E-006
   3172.0000000000000       1.27196002500802615E-005 -3.19710264538854759E-006
   3178.5000000000000       1.25219445132679169E-005 -3.14742139232364348E-006
   3185.0000000000000       1.23273602401452489E-005 -3.09851215917166162E-006
   3191.5000000000000       1.21357997018207567E-005 -3.05036294915898661E-006
   3198.0000000000000       1.19472159110842175E-005 -3.00296195193540773E-006
   3204.5000000000000       1.17615626108813546E-005 -2.95629754067719346E-006
   3211.0000000000000       1.15787942629675976E-005 -2.91035826923519251E-006
   3217.5000000000000       1.13988660367381878E-005 -2.86513286932724526E-006
   3224.0000000000000       1.12217337982318131E-005 -2.82061024777422469E-006
   3230.5000000000000       1.10473540993051664E-005 -2.77677948377903403E-006
   3237.0000000000000       1.08756841669756755E-005 -2.73362982624787906E-006
   3243.5000000000000       1.07066818929298934E-005 -2.69115069115317418E-006
   3250.0000000000000       1.05403058231948906E-005 -2.64933165893742158E-006
